# t ax ay az trailx traily trailz
0.002500 -119.400002 0.353383 0.353383 -130.944946 -6.658839 -3.326688
0.005000 -118.800003 0.706565 0.706565 -130.352448 -6.289995 -2.979771
0.007500 -118.200005 1.059371 1.059371 -129.762009 -5.917490 -2.634341
0.010000 -117.599998 1.411625 1.411625 -129.173569 -5.541573 -2.290475
0.012500 -117.000000 1.763001 1.763001 -128.587524 -5.163793 -1.944959
0.015000 -116.400009 2.113424 2.113424 -128.003510 -4.784102 -1.599098
0.017500 -115.800003 2.462722 2.462722 -127.421486 -4.402742 -1.252988
0.020000 -115.199997 2.810720 2.810720 -126.841476 -4.019789 -0.906817
0.022500 -114.600006 3.156970 3.156970 -126.263847 -3.635168 -0.560786
0.025000 -114.000000 3.501524 3.501524 -125.688141 -3.249442 -0.214898
0.027500 -113.399994 3.844213 3.844213 -125.114441 -2.862606 0.130681
0.030000 -112.800003 4.184865 4.184865 -124.542717 -2.474825 0.475810
0.032500 -112.200005 4.522917 4.522917 -123.973251 -2.086277 0.820326
0.035000 -111.600006 4.858545 4.858545 -123.405716 -1.697127 1.164188
0.037500 -111.000000 5.191584 5.191584 -122.840050 -1.307657 1.507424
0.040000 -110.400002 5.521868 5.521868 -122.276283 -0.917867 1.849859
0.042500 -109.800003 5.848719 5.848719 -121.714691 -0.528008 2.191182
0.045000 -109.199997 6.172441 6.172441 -121.154861 -0.138324 2.531654
0.047500 -108.599998 6.492875 6.492875 -120.596863 0.251232 2.871120
0.050000 -108.000000 6.809859 6.809859 -120.040588 0.640385 3.209622
0.052500 -107.399994 7.122608 7.122608 -119.486290 1.028815 3.546707
0.055000 -106.799995 7.431551 7.431551 -118.933670 1.416588 3.882715
0.057500 -106.199997 7.736533 7.736533 -118.382607 1.803468 4.217631
0.060000 -105.599991 8.037403 8.037403 -117.833107 2.189396 4.551482
0.062500 -105.000000 8.333275 8.333275 -117.285339 2.573844 4.883742
0.065000 -104.399994 8.624697 8.624697 -116.738953 2.956946 5.214902
0.067500 -103.800003 8.911520 8.911520 -116.193901 3.338609 5.544942
0.070000 -103.199997 9.193605 9.193605 -115.650055 3.718570 5.873952
0.072500 -102.599998 9.469975 9.469975 -115.107605 4.096359 6.201343
0.075000 -102.000000 9.741288 9.741288 -114.566177 4.472126 6.527719
0.077500 -101.400002 10.007408 10.007408 -114.025650 4.845720 6.853069
0.080000 -100.800003 10.268207 10.268207 -113.485939 5.217038 7.177459
0.082500 -100.199997 10.522618 10.522618 -112.947083 5.585238 7.500357
0.085000 -99.600006 10.771416 10.771416 -112.408791 5.950849 7.822330
0.087500 -99.000008 11.014470 11.014470 -111.870842 6.313513 8.143486
0.090000 -98.400002 11.251664 11.251664 -111.333092 6.673093 8.463867
0.092500 -97.800003 11.481863 11.481863 -110.795578 7.028798 8.782762
0.095000 -97.200012 11.705935 11.705935 -110.257935 7.381061 9.100933
0.097500 -96.600006 11.923767 11.923767 -109.719917 7.729589 9.418411
0.100000 -96.000000 12.135252 12.135252 -109.181366 8.074291 9.735224
0.102500 -95.400009 12.339192 12.339192 -108.642235 8.414181 10.050568
0.105000 -94.800011 12.536551 12.536551 -108.102097 8.749741 10.365244
0.107500 -94.200012 12.727228 12.727228 -107.560745 9.080814 10.679214
0.110000 -93.600006 12.911127 12.911127 -107.017937 9.407170 10.992453
0.112500 -93.000008 13.087001 13.087001 -106.473541 9.727706 11.304051
0.115000 -92.400009 13.255893 13.255893 -105.927200 10.043120 11.614778
0.117500 -91.800011 13.417722 13.417722 -105.378632 10.353191 11.924521
0.120000 -91.200012 13.572403 13.572403 -104.827583 10.657678 12.233164
0.122500 -90.600014 13.718648 13.718648 -104.273872 10.955430 12.539614
0.125000 -90.000015 13.857574 13.857574 -103.717148 11.247205 12.844610
0.127500 -89.400009 13.989118 13.989118 -103.157150 11.532797 13.147932
0.130000 -88.800018 14.113208 14.113208 -102.593643 11.812071 13.449329
0.132500 -88.200012 14.228527 14.228527 -102.026382 12.083759 13.747519
0.135000 -87.600006 14.336256 14.336256 -101.455109 12.348728 14.043152
0.137500 -87.000015 14.436346 14.436346 -100.879601 12.606880 14.335914
0.140000 -86.400009 14.528746 14.528746 -100.299629 12.858034 14.625411
0.142500 -85.800018 14.612112 14.612112 -99.715027 13.100928 14.910120
0.145000 -85.200012 14.687687 14.687687 -99.125580 13.336584 15.190699
0.147500 -84.600014 14.755437 14.755437 -98.531158 13.564912 15.466679
0.150000 -84.000015 14.815324 14.815324 -97.931618 13.785820 15.737574
0.152500 -83.400017 14.865999 14.865999 -97.326859 13.997991 16.001642
0.155000 -82.800018 14.908751 14.908751 -96.716797 14.202579 16.259544
0.157500 -82.200020 14.943557 14.943557 -96.101379 14.399538 16.510750
0.160000 -81.600029 14.970400 14.970400 -95.480614 14.588833 16.754723
0.162500 -81.000015 14.987936 14.987936 -94.854462 14.769103 16.989563
0.165000 -80.400024 14.997484 14.997484 -94.223007 14.941612 17.216028
0.167500 -79.800018 14.999037 14.999037 -93.586304 15.106332 17.433552
0.170000 -79.200020 14.992598 14.992598 -92.944450 15.263239 17.641636
0.172500 -78.600021 14.976838 14.976838 -92.297592 15.410939 17.838316
0.175000 -78.000031 14.953096 14.953096 -91.645882 15.550764 18.024506
0.177500 -77.400024 14.921386 14.921386 -90.989464 15.682666 18.199718
0.180000 -76.800026 14.881721 14.881721 -90.328575 15.806617 18.363529
0.182500 -76.200020 14.832806 14.832806 -89.663452 15.921192 18.514038
0.185000 -75.600021 14.775987 14.775987 -88.994316 16.027706 18.652317
0.187500 -75.000031 14.711292 14.711292 -88.321442 16.126127 18.778008
0.190000 -74.400024 14.638754 14.638754 -87.645042 16.216381 18.890871
0.192500 -73.800026 14.557116 14.557116 -86.965523 16.297012 18.989101
0.195000 -73.200027 14.467724 14.467724 -86.283073 16.369329 19.073996
0.197500 -72.600021 14.370620 14.370620 -85.597977 16.433268 19.145409
0.200000 -72.000031 14.265852 14.265852 -84.910561 16.488777 19.203136
0.202500 -71.400024 14.152217 14.152217 -84.221199 16.534300 19.245651
0.205000 -70.800034 14.031044 14.031044 -83.530113 16.571232 19.274372
0.207500 -70.200027 13.902391 13.902391 -82.837524 16.599466 19.289360
0.210000 -69.600037 13.766326 13.766326 -82.143776 16.618938 19.290554
0.212500 -69.000023 13.621702 13.621702 -81.449249 16.628109 19.276634
0.215000 -68.400040 13.469824 13.469824 -80.754135 16.628384 19.249088
0.217500 -67.800034 13.310767 13.310767 -80.058578 16.619656 19.208168
0.220000 -67.200027 13.144610 13.144610 -79.362885 16.601892 19.153950
0.222500 -66.600037 12.970281 12.970281 -78.667526 16.573662 19.085131
0.225000 -66.000038 12.789045 12.789045 -77.972458 16.536272 19.003490
0.227500 -65.400032 12.600992 12.600992 -77.277901 16.489756 18.909218
0.230000 -64.800034 12.406220 12.406220 -76.584061 16.434046 18.802578
0.232500 -64.200035 12.203733 12.203733 -75.891380 16.367775 18.682407
0.235000 -63.600037 11.994749 11.994749 -75.199783 16.292360 18.550388
0.237500 -63.000034 11.779373 11.779373 -74.509399 16.207760 18.406879
0.240000 -62.400036 11.557712 11.557712 -73.820404 16.114079 18.252092
0.242500 -61.800037 11.328865 11.328865 -73.133217 16.009945 18.085087
0.245000 -61.200039 11.093988 11.093988 -72.447655 15.896803 17.907507
0.247500 -60.600040 10.853200 10.853200 -71.763847 15.774693 17.719662
0.250000 -60.000038 10.606618 10.606618 -71.081894 15.643726 17.521814
0.252500 -59.400032 10.353440 10.353440 -70.402214 15.502645 17.313156
0.255000 -58.800037 10.094755 10.094755 -69.724579 15.352911 17.095194
0.257500 -58.200039 9.830689 9.830689 -69.049049 15.194602 16.868258
0.260000 -57.600037 9.561378 9.561378 -68.375679 15.027813 16.632696
0.262500 -57.000038 9.286120 9.286120 -67.704910 14.851470 16.387703
0.265000 -56.400040 9.005922 9.005922 -67.036438 14.666933 16.134737
0.267500 -55.800041 8.720925 8.720925 -66.370316 14.474360 15.874048
0.270000 -55.200039 8.431271 8.431271 -65.706551 14.273897 15.606008
0.272500 -54.600040 8.136374 8.136374 -65.045616 14.064543 15.329893
0.275000 -54.000046 7.837150 7.837150 -64.387131 13.847633 15.047039
0.277500 -53.400040 7.533750 7.533750 -63.731079 13.623291 14.757809
0.280000 -52.800045 7.226326 7.226326 -63.077560 13.391763 14.462349
0.282500 -52.200043 6.914411 6.914411 -62.426952 13.152082 14.160217
0.285000 -51.600044 6.598819 6.598819 -61.778870 12.905560 13.852543
0.287500 -51.000046 6.279709 6.279709 -61.133369 12.652420 13.539478
0.290000 -50.400047 5.957242 5.957242 -60.490402 12.392762 13.221453
0.292500 -49.800041 5.631073 5.631073 -59.850430 12.125858 12.897940
0.295000 -49.200050 5.301912 5.301912 -59.213070 11.852911 12.569908
0.297500 -48.600044 4.969926 4.969926 -58.578259 11.574028 12.237736
0.300000 -48.000053 4.635280 4.635280 -57.946072 11.289495 11.901510
0.302500 -47.400047 4.297754 4.297754 -57.316856 10.998589 11.561062
0.305000 -46.800049 3.957949 3.957949 -56.690247 10.702391 11.217181
0.307500 -46.200047 3.616033 3.616033 -56.066257 10.401154 10.869998
0.310000 -45.600048 3.272178 3.272178 -55.444855 10.094999 10.519857
0.312500 -45.000046 2.926288 2.926288 -54.826508 9.783473 10.166430
0.315000 -44.400055 2.578851 2.578851 -54.210770 9.467493 9.810480
0.317500 -43.800049 2.230039 2.230039 -53.597595 9.147203 9.452290
0.320000 -43.200054 1.880027 1.880027 -52.987061 8.822865 9.091926
0.322500 -42.600052 1.528850 1.528850 -52.379524 8.493998 8.729446
0.325000 -42.000053 1.176867 1.176867 -51.774605 8.161478 8.365280
0.327500 -41.400055 0.824256 0.824256 -51.172298 7.825528 7.999587
0.330000 -40.800053 0.471194 0.471194 -50.572571 7.486250 7.632673
0.332500 -40.200050 0.117838 0.117838 -49.975895 7.143433 7.264436
0.335000 -39.600056 -0.235567 -0.235567 -49.381840 6.797729 6.895306
0.337500 -39.000053 -0.588847 -0.588847 -48.790367 6.449314 6.525504
0.340000 -38.400059 -0.941825 -0.941825 -48.201519 6.098407 6.155109
0.342500 -37.800056 -1.294219 -1.294219 -47.615669 5.744776 5.784353
0.345000 -37.200058 -1.645908 -1.645908 -47.032440 5.389002 5.413428
0.347500 -36.600060 -1.996720 -1.996720 -46.451820 5.031286 5.042451
0.350000 -36.000057 -2.346483 -2.346483 -45.873779 4.671753 4.671634
0.352500 -35.400063 -2.694785 -2.694785 -45.298798 4.310390 4.301107
0.355000 -34.800060 -3.041641 -3.041641 -44.726402 3.947583 3.931051
0.357500 -34.200058 -3.386873 -3.386873 -44.156593 3.583495 3.561608
0.360000 -33.600063 -3.730314 -3.730314 -43.589401 3.218316 3.192810
0.362500 -33.000061 -4.071436 -4.071436 -43.025188 2.852015 2.825129
0.365000 -32.400063 -4.410373 -4.410373 -42.463573 2.484947 2.458414
0.367500 -31.800064 -4.746962 -4.746962 -41.904549 2.117259 2.092767
0.370000 -31.200062 -5.081033 -5.081033 -41.348068 1.749034 1.728384
0.372500 -30.600067 -5.411945 -5.411945 -40.794594 1.380495 1.365541
0.375000 -30.000065 -5.739962 -5.739962 -40.243641 1.011744 1.004189
0.377500 -29.400063 -6.064919 -6.064919 -39.695221 0.642916 0.644376
0.380000 -28.800068 -6.386656 -6.386656 -39.149338 0.274165 0.286128
0.382500 -28.200064 -6.704421 -6.704421 -38.606300 -0.094330 -0.069901
0.385000 -27.600067 -7.018600 -7.018600 -38.065758 -0.462466 -0.424184
0.387500 -27.000069 -7.329040 -7.329040 -37.527653 -0.830170 -0.776587
0.390000 -26.400066 -7.635586 -7.635586 -36.991943 -1.197355 -1.127028
0.392500 -25.800072 -7.937385 -7.937385 -36.459000 -1.563612 -1.475015
0.395000 -25.200069 -8.234942 -8.234942 -35.928352 -1.929121 -1.820857
0.397500 -24.600067 -8.528111 -8.528111 -35.399986 -2.293753 -2.164586
0.400000 -24.000071 -8.816746 -8.816746 -34.873852 -2.657417 -2.506162
0.402500 -23.400068 -9.099898 -9.099898 -34.350204 -3.019708 -2.844836
0.405000 -22.800072 -9.378191 -9.378191 -33.828651 -3.380807 -3.181273
0.407500 -22.200071 -9.651484 -9.651484 -33.309090 -3.740677 -3.515358
0.410000 -21.600071 -9.919645 -9.919645 -32.791451 -4.099242 -3.847094
0.412500 -21.000074 -10.181639 -10.181639 -32.275970 -4.455937 -4.175766
0.415000 -20.400074 -10.438197 -10.438197 -31.762184 -4.811157 -4.501965
0.417500 -19.800076 -10.689192 -10.689192 -31.250004 -5.164807 -4.825721
0.420000 -19.200077 -10.934499 -10.934499 -30.739283 -5.516843 -5.146947
0.422500 -18.600075 -11.173008 -11.173008 -30.230175 -5.866640 -5.464840
0.425000 -18.000074 -11.405555 -11.405555 -29.722256 -6.214644 -5.780177
0.427500 -17.400076 -11.632020 -11.632020 -29.215330 -6.560812 -6.092838
0.430000 -16.800074 -11.852299 -11.852299 -28.709270 -6.905068 -6.402898
0.432500 -16.200079 -12.065205 -12.065205 -28.204096 -7.246679 -6.709334
0.435000 -15.600078 -12.271673 -12.271673 -27.699356 -7.586236 -7.012957
0.437500 -15.000080 -12.471603 -12.471603 -27.194876 -7.923632 -7.313806
0.440000 -14.400081 -12.664891 -12.664891 -26.690392 -8.258842 -7.611679
0.442500 -13.800079 -12.850309 -12.850309 -26.185890 -8.590969 -7.905650
0.445000 -13.200083 -13.028871 -13.028871 -25.680923 -8.920677 -8.196546
0.447500 -12.600080 -13.200487 -13.200487 -25.175201 -9.247898 -8.484206
0.450000 -12.000079 -13.365076 -13.365076 -24.668499 -9.572495 -8.768610
0.452500 -11.400084 -13.521356 -13.521356 -24.160667 -9.893504 -9.048542
0.455000 -10.800081 -13.670423 -13.670423 -23.651264 -10.211636 -9.324869
0.457500 -10.200085 -13.812203 -13.812203 -23.140015 -10.526733 -9.597481
0.460000 -9.600084 -13.946628 -13.946628 -22.626617 -10.838673 -9.866184
0.462500 -9.000082 -14.072384 -14.072384 -22.110888 -11.146295 -10.129703
0.465000 -8.400084 -14.190634 -14.190634 -21.592428 -11.450356 -10.388943
0.467500 -7.800085 -14.301321 -14.301321 -21.070940 -11.750660 -10.643663
0.470000 -7.200083 -14.404390 -14.404390 -20.546150 -12.046993 -10.893668
0.472500 -6.600088 -14.498506 -14.498506 -20.017849 -12.338046 -11.137536
0.475000 -6.000086 -14.584888 -14.584888 -19.485674 -12.624595 -11.376138
0.477500 -5.400089 -14.663500 -14.663500 -18.949415 -12.906385 -11.609276
0.480000 -4.800089 -14.734298 -14.734298 -18.408817 -13.183128 -11.836645
0.482500 -4.200089 -14.795937 -14.795937 -17.863691 -13.453339 -12.056709
0.485000 -3.600092 -14.849689 -14.849689 -17.313826 -13.717849 -12.270459
0.487500 -3.000089 -14.895525 -14.895525 -16.759029 -13.976328 -12.477551
0.490000 -2.400087 -14.933424 -14.933424 -16.199171 -14.228435 -12.677717
0.492500 -1.800092 -14.962041 -14.962041 -15.634145 -14.472549 -12.869354
0.495000 -1.200090 -14.982680 -14.982680 -15.063833 -14.709555 -13.053443
0.497500 -0.600093 -14.995336 -14.995336 -14.488196 -14.939096 -13.229715
0.500000 -0.000093 -14.999999 -14.999999 -13.907188 -15.160810 -13.397872
0.502500 0.599914 -14.995338 -14.995338 -13.320807 -15.372996 -13.556287
0.505000 1.199911 -14.982685 -14.982685 -12.729101 -15.576614 -13.706024
0.507500 1.799914 -14.962047 -14.962047 -12.132111 -15.771342 -13.846833
0.510000 2.399908 -14.933434 -14.933434 -11.529940 -15.956835 -13.978462
0.512500 2.999911 -14.895537 -14.895537 -10.922686 -16.131334 -14.099269
0.515000 3.599913 -14.849703 -14.849703 -10.310501 -16.295988 -14.210448
0.517500 4.199910 -14.795954 -14.795954 -9.693544 -16.450476 -14.311779
0.520000 4.799909 -14.734319 -14.734319 -9.071995 -16.594572 -14.403087
0.522500 5.399910 -14.663525 -14.663525 -8.446074 -16.726543 -14.482781
0.525000 5.999907 -14.584914 -14.584914 -7.815997 -16.847595 -14.552125
0.527500 6.599909 -14.498532 -14.498532 -7.181972 -16.957607 -14.610991
0.530000 7.199911 -14.404420 -14.404420 -6.544257 -17.056376 -14.659281
0.532500 7.799904 -14.301353 -14.301353 -5.903161 -17.142244 -14.695483
0.535000 8.399900 -14.190668 -14.190668 -5.258881 -17.216637 -14.720938
0.537500 8.999903 -14.072419 -14.072419 -4.611669 -17.279478 -14.735620
0.540000 9.599906 -13.946668 -13.946668 -3.961799 -17.330688 -14.739485
0.542500 10.199908 -13.812244 -13.812244 -3.309628 -17.368660 -14.731116
0.545000 10.799911 -13.670465 -13.670465 -2.655332 -17.394945 -14.711956
0.547500 11.399900 -13.521399 -13.521399 -1.999181 -17.409529 -14.682038
0.550000 11.999900 -13.365122 -13.365122 -1.341385 -17.412491 -14.641400
0.552500 12.599901 -13.200537 -13.200537 -0.682350 -17.402288 -14.588721
0.555000 13.199904 -13.028922 -13.028922 -0.022177 -17.380575 -14.525484
0.557500 13.799907 -12.850362 -12.850362 0.638900 -17.347401 -14.451774
0.560000 14.399894 -12.664948 -12.664948 1.300645 -17.302856 -14.367731
0.562500 14.999896 -12.471663 -12.471663 1.962735 -17.245632 -14.272123
0.565000 15.599898 -12.271736 -12.271736 2.625092 -17.177279 -14.166459
0.567500 16.199900 -12.065269 -12.065269 3.287522 -17.097948 -14.050873
0.570000 16.799902 -11.852362 -11.852362 3.949863 -17.007793 -13.925519
0.572500 17.399891 -11.632090 -11.632090 4.611721 -16.905495 -13.789376
0.575000 17.999893 -11.405622 -11.405622 5.273180 -16.792757 -13.643827
0.577500 18.599895 -11.173079 -11.173079 5.934076 -16.669727 -13.489075
0.580000 19.199898 -10.934571 -10.934571 6.594260 -16.536552 -13.325325
0.582500 19.799900 -10.689266 -10.689266 7.253378 -16.392040 -13.151608
0.585000 20.399895 -10.438272 -10.438272 7.911522 -16.237762 -12.969365
0.587500 20.999889 -10.181716 -10.181716 8.568603 -16.073940 -12.778787
0.590000 21.599892 -9.919724 -9.919724 9.224555 -15.900839 -12.580042
0.592500 22.199894 -9.651565 -9.651565 9.878977 -15.717239 -12.372334
0.595000 22.799896 -9.378271 -9.378271 10.532043 -15.524703 -12.156969
0.597500 23.399899 -9.099979 -9.099979 11.183704 -15.323477 -11.934174
0.600000 23.999886 -8.816829 -8.816829 11.833845 -15.113679 -11.704233
0.602500 24.599888 -8.528196 -8.528196 12.482190 -14.894425 -11.466311
0.605000 25.199890 -8.235033 -8.235033 13.128942 -14.667162 -11.221652
0.607500 25.799892 -7.937477 -7.937477 13.774008 -14.431978 -10.970551
0.610000 26.399895 -7.635680 -7.635680 14.417360 -14.189138 -10.713181
0.612500 26.999893 -7.329135 -7.329135 15.058648 -13.937700 -10.448993
0.615000 27.599884 -7.018696 -7.018696 15.698134 -13.679041 -10.179097
0.617500 28.199886 -6.704515 -6.704515 16.335819 -13.413432 -9.903625
0.620000 28.799889 -6.386750 -6.386750 16.971643 -13.141023 -9.622858
0.622500 29.399891 -6.065014 -6.065014 17.605259 -12.860996 -9.336294
0.625000 29.999886 -5.740059 -5.740059 18.236952 -12.574618 -9.044931
0.627500 30.599880 -5.412044 -5.412044 18.866730 -12.282114 -8.749001
0.630000 31.199883 -5.081131 -5.081131 19.494568 -11.983669 -8.448698
0.632500 31.799885 -4.747062 -4.747062 20.120102 -11.678577 -8.143636
0.635000 32.399887 -4.410473 -4.410473 20.743652 -11.367980 -7.834687
0.637500 32.999878 -4.071534 -4.071534 21.365183 -11.052035 -7.522102
0.640000 33.599876 -3.730412 -3.730412 21.984726 -10.731005 -7.206038
0.642500 34.199879 -3.386975 -3.386975 22.601971 -10.404391 -6.886170
0.645000 34.799881 -3.041743 -3.041743 23.217167 -10.073047 -6.563315
0.647500 35.399883 -2.694891 -2.694891 23.830334 -9.737232 -6.237622
0.649999 35.999886 -2.346589 -2.346589 24.441463 -9.397099 -5.909333
0.652499 36.599873 -1.996827 -1.996827 25.050177 -9.052124 -5.578352
0.654999 37.199875 -1.646014 -1.646014 25.656898 -8.703369 -5.245103
0.657499 37.799877 -1.294323 -1.294323 26.261578 -8.350922 -4.909846
0.659999 38.399879 -0.941932 -0.941932 26.864197 -7.994948 -4.572766
0.662499 38.999882 -0.588952 -0.588952 27.464426 -7.635124 -4.233765
0.664999 39.599876 -0.235672 -0.235672 28.062588 -7.272146 -3.893401
0.667499 40.199871 0.117734 0.117734 28.658705 -6.906238 -3.551772
0.669999 40.799873 0.471088 0.471088 29.252817 -6.537652 -3.208994
0.672499 41.399876 0.824151 0.824151 29.844528 -6.166051 -2.865155
0.674999 41.999878 1.176762 1.176762 30.434189 -5.792064 -2.520569
0.677499 42.599880 1.528746 1.528746 31.021822 -5.415895 -2.175374
0.679999 43.199871 1.879927 1.879927 31.607378 -5.037585 -1.829806
0.682499 43.799870 2.229939 2.229939 32.190639 -4.657272 -1.483826
0.684999 44.399872 2.578748 2.578748 32.771873 -4.275282 -1.137691
0.687499 44.999874 2.926186 2.926186 33.351093 -3.891751 -0.791553
0.689999 45.599880 3.272072 3.272072 33.928333 -3.506949 -0.445433
0.692499 46.199863 3.615927 3.615927 34.503197 -3.120673 -0.099745
0.694999 46.799866 3.957844 3.957844 35.076157 -2.733514 0.245660
0.697499 47.399868 4.297651 4.297651 35.647129 -2.345465 0.590615
0.699999 47.999870 4.635180 4.635180 36.216183 -1.956747 0.935024
0.702499 48.599869 4.969827 4.969827 36.782974 -1.567471 1.278657
0.704999 49.199860 5.301814 5.301814 37.347862 -1.177796 1.621492
0.707499 49.799866 5.630975 5.630975 37.910938 -0.788044 1.963609
0.709999 50.399864 5.957147 5.957147 38.472141 -0.398162 2.304831
0.712499 50.999866 6.279614 6.279614 39.031242 -0.008525 2.644871
0.714999 51.599869 6.598724 6.598724 39.588577 0.380833 2.983938
0.717499 52.199860 6.914317 6.914317 40.144138 0.769881 3.321903
0.719999 52.799858 7.226236 7.226236 40.698071 1.158218 3.658903
0.722499 53.399860 7.533663 7.533663 41.250084 1.545620 3.994422
0.724999 53.999863 7.837064 7.837064 41.800522 1.932117 4.328842
0.727499 54.599869 8.136283 8.136283 42.349464 2.317487 4.662211
0.729999 55.199867 8.431185 8.431185 42.896927 2.701777 4.994399
0.732499 55.799854 8.720837 8.720837 43.442757 3.084299 5.325019
0.734999 56.399857 9.005836 9.005836 43.987335 3.465244 5.654556
0.737499 56.999863 9.286036 9.286036 44.530701 3.844538 5.982989
0.739999 57.599861 9.561294 9.561294 45.072971 4.221931 6.310422
0.742499 58.199860 9.830610 9.830610 45.613991 4.596872 6.636258
0.744999 58.799850 10.094677 10.094677 46.154137 4.969602 6.961078
0.747499 59.399857 10.353364 10.353364 46.693558 5.339879 7.284983
0.749999 59.999855 10.606542 10.606542 47.232357 5.707606 7.607973
0.752499 60.599861 10.853127 10.853127 47.770470 6.072015 7.929481
0.754999 61.199860 11.093917 11.093917 48.308262 6.433480 8.250154
0.757499 61.799854 11.328794 11.328794 48.845890 6.791843 8.570013
0.759999 62.399849 11.557645 11.557645 49.383545 7.146880 8.889135
0.762499 62.999855 11.779309 11.779309 49.921249 7.497664 9.206841
0.764999 63.599854 11.994685 11.994685 50.459362 7.844701 9.523843
0.767499 64.199860 12.203671 12.203671 50.998093 8.187801 9.840171
0.769999 64.799850 12.406157 12.406157 51.537628 8.526789 10.155828
0.772499 65.399849 12.600933 12.600933 52.078098 8.860600 10.469998
0.774999 65.999847 12.788986 12.788986 52.619869 9.189827 10.783445
0.777499 66.599854 12.970225 12.970225 53.163174 9.514301 11.096148
0.779999 67.199852 13.144556 13.144556 53.708260 9.833761 11.408044
0.782499 67.799850 13.310717 13.310717 54.255280 10.147120 11.718163
0.784999 68.399841 13.469776 13.469776 54.804604 10.455039 12.027252
0.787499 68.999847 13.621656 13.621656 55.356525 10.757279 12.335181
0.789999 69.599846 13.766283 13.766283 55.911255 11.053730 12.641798
0.792499 70.199852 13.902351 13.902351 56.469025 11.343119 12.945941
0.794999 70.799850 14.031005 14.031005 57.030144 11.626289 13.248329
0.797499 71.399841 14.152182 14.152182 57.594868 11.903081 13.548697
0.799999 71.999840 14.265820 14.265820 58.163456 12.173260 13.846747
0.802499 72.599846 14.370590 14.370590 58.736107 12.435627 14.141132
0.804999 73.199844 14.467695 14.467695 59.313076 12.691063 14.432478
0.807499 73.799850 14.557090 14.557090 59.894577 12.939487 14.720441
0.809999 74.399834 14.638731 14.638731 60.480766 13.180778 15.004589
0.812499 74.999840 14.711269 14.711269 61.071854 13.413587 15.283284
0.814999 75.599838 14.775968 14.775968 61.667969 13.639048 15.557230
0.817499 76.199844 14.832788 14.832788 62.269241 13.857048 15.825903
0.819999 76.799843 14.881707 14.881707 62.875763 14.067542 16.088810
0.822499 77.399834 14.921375 14.921375 63.487595 14.269171 16.344124
0.824999 77.999832 14.953089 14.953089 64.104797 14.463161 16.592566
0.827499 78.599838 14.976832 14.976832 64.727371 14.649449 16.833553
0.829999 79.199844 14.992594 14.992594 65.355293 14.828011 17.066545
0.832499 79.799843 14.999038 14.999038 65.988503 14.997494 17.289654
0.834999 80.399841 14.997484 14.997484 66.626930 15.159170 17.503635
0.837499 80.999832 14.987939 14.987939 67.270462 15.313013 17.707973
0.839999 81.599838 14.970406 14.970406 67.918976 15.458999 17.902170
0.842499 82.199837 14.943566 14.943566 68.572273 15.595736 18.084276
0.844999 82.799835 14.908762 14.908762 69.230179 15.724533 18.255251
0.847499 83.399841 14.866013 14.866013 69.892517 15.845362 18.414663
0.849999 83.999825 14.815339 14.815339 70.559006 15.958186 18.562103
0.852499 84.599831 14.755456 14.755456 71.229408 16.061548 18.695738
0.854999 85.199829 14.687710 14.687710 71.903473 16.156786 18.816715
0.857499 85.799835 14.612136 14.612136 72.580948 16.243843 18.924740
0.859999 86.399841 14.528770 14.528770 73.261551 16.322645 19.019577
0.862499 86.999840 14.436376 14.436376 73.944870 16.391712 19.099459
0.864999 87.599823 14.336288 14.336288 74.630707 16.452389 19.165794
0.867499 88.199829 14.228559 14.228559 75.318817 16.504581 19.218477
0.869999 88.799828 14.113242 14.113242 76.008865 16.548227 19.257374
0.872499 89.399834 13.989158 13.989158 76.700470 16.581770 19.281096
0.874999 89.999832 13.857616 13.857616 77.393417 16.606600 19.290968
0.877499 90.599823 13.718692 13.718692 78.087440 16.622650 19.287115
0.879999 91.199829 13.572451 13.572451 78.782326 16.629799 19.269653
0.882499 91.799828 13.417768 13.417768 79.477554 16.626648 19.237110
0.884999 92.399826 13.255943 13.255943 80.173096 16.614445 19.191223
0.887499 92.999817 13.087055 13.087055 80.868683 16.593199 19.132099
0.889999 93.599823 12.911183 12.911183 81.564148 16.562862 19.059978
0.892499 94.199821 12.727284 12.727284 82.259003 16.521952 18.973679
0.894999 94.799820 12.536611 12.536611 82.953247 16.471901 18.874760
0.897499 95.399826 12.339256 12.339256 83.646729 16.412661 18.763586
0.899999 95.999832 12.135316 12.135316 84.339264 16.344267 18.640385
0.902499 96.599815 11.923829 11.923829 85.030327 16.265371 18.503942
0.904999 97.199814 11.706001 11.706001 85.720154 16.177284 18.356194
0.907499 97.799820 11.481933 11.481933 86.408615 16.080099 18.197388
0.909999 98.399826 11.251731 11.251731 87.095467 15.973885 18.027618
0.912499 98.999825 11.014543 11.014543 87.780342 15.857231 17.846207
0.914999 99.599823 10.771493 10.771493 88.463463 15.731714 17.654640
0.917499 100.199814 10.522695 10.522695 89.144630 15.597433 17.453056
0.919999 100.799812 10.268289 10.268289 89.823883 15.454289 17.242126
0.922499 101.399818 10.007493 10.007493 90.500725 15.301250 17.020760
0.924999 101.999817 9.741369 9.741369 91.175415 15.139726 16.790482
0.927499 102.599823 9.470057 9.470057 91.847916 14.969695 16.551750
0.929999 103.199806 9.193694 9.193694 92.518135 14.791473 16.304718
0.932499 103.799812 8.911610 8.911610 93.185745 14.603835 16.048843
0.934999 104.399818 8.624783 8.624783 93.850983 14.408193 15.785383
0.937499 104.999817 8.333366 8.333366 94.513794 14.204741 15.514604
0.939999 105.599815 8.037498 8.037498 95.174179 13.993587 15.236873
0.942499 106.199806 7.736627 7.736627 95.831726 13.773846 14.951525
0.944999 106.799805 7.431642 7.431642 96.486771 13.546757 14.659828
0.947499 107.399811 7.122705 7.122705 97.139343 13.312464 14.362163
0.949999 107.999817 6.809958 6.809958 97.789398 13.071190 14.058706
0.952499 108.599815 6.492969 6.492969 98.436432 12.822110 13.748837
0.954999 109.199799 6.172544 6.172544 99.080948 12.566419 13.433899
0.957499 109.799805 5.848824 5.848824 99.722961 12.304335 13.114058
0.959999 110.399811 5.521971 5.521971 100.362343 12.036041 12.789436
0.962499 110.999809 5.191696 5.191696 100.998726 11.760713 12.459865
0.964999 111.599808 4.858655 4.858655 101.632538 11.479638 12.126124
0.967499 112.199799 4.523024 4.523024 102.263702 11.193013 11.788372
0.969999 112.799797 4.184981 4.184981 102.892296 10.900883 11.447077
0.972499 113.399811 3.844329 3.844329 103.517967 10.602706 11.101975
0.974999 113.999802 3.501637 3.501637 104.140915 10.299578 10.753552
0.977499 114.599808 3.157078 3.157078 104.761307 9.991571 10.402325
0.979999 115.199814 2.810837 2.810837 105.379097 9.678976 10.048387
0.982499 115.799797 2.462837 2.462837 105.993797 9.361383 9.691418
0.984999 116.399803 2.113535 2.113535 106.605995 9.039456 9.332460
0.987499 116.999802 1.763110 1.763110 107.215485 8.713602 8.971283
0.989999 117.599808 1.411742 1.411742 107.822464 8.383917 8.608434
0.992499 118.199806 1.059487 1.059487 108.425468 8.050212 8.242246
0.994999 118.799789 0.706676 0.706676 109.027550 7.712818 7.877259
0.997499 119.399803 0.353499 0.353499 109.629044 7.371647 7.514352
0.999999 119.999802 0.000118 0.000118 106.136055 0.000118 1.948566
1.000000 120.000000 -0.000000 -0.000000 106.136253 0.000000 1.948448
1.000000 120.000000 -0.000000 -0.000000 106.136253 0.000000 1.948448
1.000000 120.000000 -0.000000 -0.000000 106.136253 0.000000 1.948448
1.000000 120.000000 -0.000000 -0.000000 106.136253 0.000000 1.948448
1.000000 120.000000 -0.000000 -0.000000 106.136253 0.000000 1.948448
1.000000 120.000000 -0.000000 -0.000000 106.136253 0.000000 1.948448
1.000000 120.000000 -0.000000 -0.000000 106.136253 0.000000 1.948448
1.000000 120.000000 -0.000000 -0.000000 106.136253 0.000000 1.948448
1.000000 120.000000 -0.000000 -0.000000 106.136253 0.000000 1.948448
1.000000 120.000000 -0.000000 -0.000000 106.136253 0.000000 1.948448
1.000000 120.000000 -0.000000 -0.000000 106.136253 0.000000 1.948448
1.000000 120.000000 -0.000000 -0.000000 106.136253 0.000000 1.948448
1.000000 120.000000 -0.000000 -0.000000 106.136253 0.000000 1.948448
1.000000 120.000000 -0.000000 -0.000000 106.136253 0.000000 1.948448
1.000000 120.000000 -0.000000 -0.000000 106.136253 0.000000 1.948448
1.000000 120.000000 -0.000000 -0.000000 106.136253 0.000000 1.948448
1.000000 120.000000 -0.000000 -0.000000 106.136253 0.000000 1.948448
1.000000 120.000000 -0.000000 -0.000000 106.136253 0.000000 1.948448
1.000000 120.000000 -0.000000 -0.000000 106.136253 0.000000 1.948448
1.000000 120.000000 -0.000000 -0.000000 106.136253 0.000000 1.948448
1.000000 120.000000 -0.000000 -0.000000 106.136253 0.000000 1.948448
1.000000 120.000000 -0.000000 -0.000000 106.136253 0.000000 1.948448
1.000000 120.000000 -0.000000 -0.000000 106.136253 0.000000 1.948448
1.000000 120.000000 -0.000000 -0.000000 106.136253 0.000000 1.948448
1.000000 120.000000 -0.000000 -0.000000 106.136253 0.000000 1.948448
1.000000 120.000000 -0.000000 -0.000000 106.136253 0.000000 1.948448
1.000000 120.000000 -0.000000 -0.000000 106.136253 0.000000 1.948448
1.000000 120.000000 -0.000000 -0.000000 106.136253 0.000000 1.948448
1.000000 120.000000 -0.000000 -0.000000 106.136253 0.000000 1.948448
1.000000 120.000000 -0.000000 -0.000000 106.136253 0.000000 1.948448
1.000000 120.000000 -0.000000 -0.000000 106.136253 0.000000 1.948448
1.000000 120.000000 -0.000000 -0.000000 106.136253 0.000000 1.948448
1.000000 120.000000 -0.000000 -0.000000 106.136253 0.000000 1.948448
1.000000 120.000000 -0.000000 -0.000000 106.136253 0.000000 1.948448
1.000000 120.000000 -0.000000 -0.000000 106.136253 0.000000 1.948448
1.000000 120.000000 -0.000000 -0.000000 106.136253 0.000000 1.948448
1.000000 120.000000 -0.000000 -0.000000 106.136253 0.000000 1.948448
1.000000 120.000000 -0.000000 -0.000000 106.136253 0.000000 1.948448
1.000000 120.000000 -0.000000 -0.000000 106.136253 0.000000 1.948448
1.000000 120.000000 -0.000000 -0.000000 106.136253 0.000000 1.948448
1.000000 120.000000 -0.000000 -0.000000 106.136253 0.000000 1.948448
1.000000 120.000000 -0.000000 -0.000000 106.136253 0.000000 1.948448
1.000000 120.000000 -0.000000 -0.000000 106.136253 0.000000 1.948448
1.000000 120.000000 -0.000000 -0.000000 106.136253 0.000000 1.948448
1.000000 120.000000 -0.000000 -0.000000 106.136253 0.000000 1.948448
1.000000 120.000000 -0.000000 -0.000000 106.136253 0.000000 1.948448
1.000000 120.000000 -0.000000 -0.000000 106.136253 0.000000 1.948448
1.000000 120.000000 -0.000000 -0.000000 106.136253 0.000000 1.948448
1.000000 120.000000 -0.000000 -0.000000 106.136253 0.000000 1.948448
1.000000 120.000000 -0.000000 -0.000000 106.136253 0.000000 1.948448
1.000000 120.000000 -0.000000 -0.000000 106.136253 0.000000 1.948448
1.000000 120.000000 -0.000000 -0.000000 106.136253 0.000000 1.948448
1.000000 120.000000 -0.000000 -0.000000 106.136253 0.000000 1.948448
1.000000 120.000000 -0.000000 -0.000000 106.136253 0.000000 1.948448
1.000000 120.000000 -0.000000 -0.000000 106.136253 0.000000 1.948448
1.000000 120.000000 -0.000000 -0.000000 106.136253 0.000000 1.948448
1.000000 120.000000 -0.000000 -0.000000 106.136253 0.000000 1.948448
1.000000 120.000000 -0.000000 -0.000000 106.136253 0.000000 1.948448
1.000000 120.000000 -0.000000 -0.000000 106.136253 0.000000 1.948448
1.000000 120.000000 -0.000000 -0.000000 106.136253 0.000000 1.948448
1.000000 120.000000 -0.000000 -0.000000 106.136253 0.000000 1.948448
1.000000 120.000000 -0.000000 -0.000000 106.136253 0.000000 1.948448
1.000000 120.000000 -0.000000 -0.000000 106.136253 0.000000 1.948448
1.000000 120.000000 -0.000000 -0.000000 106.136253 0.000000 1.948448
1.000000 120.000000 -0.000000 -0.000000 106.136253 0.000000 1.948448
1.000000 120.000000 -0.000000 -0.000000 106.136253 0.000000 1.948448
1.000000 120.000000 -0.000000 -0.000000 106.136253 0.000000 1.948448
1.000000 120.000000 -0.000000 -0.000000 106.136253 0.000000 1.948448
1.000000 120.000000 -0.000000 -0.000000 106.136253 0.000000 1.948448
1.000000 120.000000 -0.000000 -0.000000 106.136253 0.000000 1.948448
1.000000 120.000000 -0.000000 -0.000000 106.136253 0.000000 1.948448
1.000000 120.000000 -0.000000 -0.000000 106.136253 0.000000 1.948448
1.000000 120.000000 -0.000000 -0.000000 106.136253 0.000000 1.948448
1.000000 120.000000 -0.000000 -0.000000 106.136253 0.000000 1.948448
1.000000 120.000000 -0.000000 -0.000000 106.136253 0.000000 1.948448
1.000000 120.000000 -0.000000 -0.000000 106.136253 0.000000 1.948448
1.000000 120.000000 -0.000000 -0.000000 106.136253 0.000000 1.948448
1.000000 120.000000 -0.000000 -0.000000 106.136253 0.000000 1.948448
1.000000 120.000000 -0.000000 -0.000000 106.136253 0.000000 1.948448
1.000000 120.000000 -0.000000 -0.000000 106.136253 0.000000 1.948448
1.000000 120.000000 -0.000000 -0.000000 106.136253 0.000000 1.948448
1.000000 120.000000 -0.000000 -0.000000 106.136253 0.000000 1.948448
1.000000 120.000000 -0.000000 -0.000000 106.136253 0.000000 1.948448
1.000000 120.000000 -0.000000 -0.000000 106.136253 0.000000 1.948448
1.000000 120.000000 -0.000000 -0.000000 106.136253 0.000000 1.948448
1.000000 120.000000 -0.000000 -0.000000 106.136253 0.000000 1.948448
1.000000 120.000000 -0.000000 -0.000000 106.136253 0.000000 1.948448
1.000000 120.000000 -0.000000 -0.000000 106.136253 0.000000 1.948448
1.000000 120.000000 -0.000000 -0.000000 106.136253 0.000000 1.948448
1.000000 120.000000 -0.000000 -0.000000 106.136253 0.000000 1.948448
1.000000 120.000000 -0.000000 -0.000000 106.136253 0.000000 1.948448
1.000000 120.000000 -0.000000 -0.000000 106.136253 0.000000 1.948448
1.000000 120.000000 -0.000000 -0.000000 106.136253 0.000000 1.948448
1.000000 120.000000 -0.000000 -0.000000 106.136253 0.000000 1.948448
1.000000 120.000000 -0.000000 -0.000000 106.136253 0.000000 1.948448
1.000000 120.000000 -0.000000 -0.000000 106.136253 0.000000 1.948448
1.000000 120.000000 -0.000000 -0.000000 106.136253 0.000000 1.948448
1.000000 120.000000 -0.000000 -0.000000 106.136253 0.000000 1.948448
1.000000 120.000000 -0.000000 -0.000000 106.136253 0.000000 1.948448
1.000000 120.000000 -0.000000 -0.000000 106.136253 0.000000 1.948448
1.000000 120.000000 -0.000000 -0.000000 106.136253 0.000000 1.948448
1.000000 120.000000 -0.000000 -0.000000 106.136253 0.000000 1.948448
1.000000 120.000000 -0.000000 -0.000000 106.136253 0.000000 1.948448
1.000000 120.000000 -0.000000 -0.000000 106.136253 0.000000 1.948448
1.000000 120.000000 -0.000000 -0.000000 106.136253 0.000000 1.948448
1.000000 120.000000 -0.000000 -0.000000 106.136253 0.000000 1.948448
1.000000 120.000000 -0.000000 -0.000000 106.136253 0.000000 1.948448
1.000000 120.000000 -0.000000 -0.000000 106.136253 0.000000 1.948448
1.000000 120.000000 -0.000000 -0.000000 106.136253 0.000000 1.948448
1.000000 120.000000 -0.000000 -0.000000 106.136253 0.000000 1.948448
1.000000 120.000000 -0.000000 -0.000000 106.136253 0.000000 1.948448
1.000000 120.000000 -0.000000 -0.000000 106.136253 0.000000 1.948448
1.000000 120.000000 -0.000000 -0.000000 106.136253 0.000000 1.948448
1.000000 120.000000 -0.000000 -0.000000 106.136253 0.000000 1.948448
1.000000 120.000000 -0.000000 -0.000000 106.136253 0.000000 1.948448
1.000000 120.000000 -0.000000 -0.000000 106.136253 0.000000 1.948448
1.000000 120.000000 -0.000000 -0.000000 106.136253 0.000000 1.948448
1.000000 120.000000 -0.000000 -0.000000 106.136253 0.000000 1.948448
1.000000 120.000000 -0.000000 -0.000000 106.136253 0.000000 1.948448
1.000000 120.000000 -0.000000 -0.000000 106.136253 0.000000 1.948448
1.000000 120.000000 -0.000000 -0.000000 106.136253 0.000000 1.948448
1.000000 120.000000 -0.000000 -0.000000 106.136253 0.000000 1.948448
1.000000 120.000000 -0.000000 -0.000000 106.136253 0.000000 1.948448
1.000000 120.000000 -0.000000 -0.000000 106.136253 0.000000 1.948448
1.000000 120.000000 -0.000000 -0.000000 106.136253 0.000000 1.948448
1.000000 120.000000 -0.000000 -0.000000 106.136253 0.000000 1.948448
1.000000 120.000000 -0.000000 -0.000000 106.136253 0.000000 1.948448
1.000000 120.000000 -0.000000 -0.000000 106.136253 0.000000 1.948448
1.000000 120.000000 -0.000000 -0.000000 106.136253 0.000000 1.948448
1.000000 120.000000 -0.000000 -0.000000 106.136253 0.000000 1.948448
1.000000 120.000000 -0.000000 -0.000000 106.136253 0.000000 1.948448
1.000000 120.000000 -0.000000 -0.000000 106.136253 0.000000 1.948448
1.000000 120.000000 -0.000000 -0.000000 106.136253 0.000000 1.948448
1.000000 120.000000 -0.000000 -0.000000 106.136253 0.000000 1.948448
1.000000 120.000000 -0.000000 -0.000000 106.136253 0.000000 1.948448
1.000000 120.000000 -0.000000 -0.000000 106.136253 0.000000 1.948448
1.000000 120.000000 -0.000000 -0.000000 106.136253 0.000000 1.948448
1.000000 120.000000 -0.000000 -0.000000 106.136253 0.000000 1.948448
1.000000 120.000000 -0.000000 -0.000000 106.136253 0.000000 1.948448
1.000000 120.000000 -0.000000 -0.000000 106.136253 0.000000 1.948448
1.000000 120.000000 -0.000000 -0.000000 106.136253 0.000000 1.948448
1.000000 120.000000 -0.000000 -0.000000 106.136253 0.000000 1.948448
1.000000 120.000000 -0.000000 -0.000000 106.136253 0.000000 1.948448
1.000000 120.000000 -0.000000 -0.000000 106.136253 0.000000 1.948448
1.000000 120.000000 -0.000000 -0.000000 106.136253 0.000000 1.948448
1.000000 120.000000 -0.000000 -0.000000 106.136253 0.000000 1.948448
1.000000 120.000000 -0.000000 -0.000000 106.136253 0.000000 1.948448
1.000000 120.000000 -0.000000 -0.000000 106.136253 0.000000 1.948448
1.000000 120.000000 -0.000000 -0.000000 106.136253 0.000000 1.948448
1.000000 120.000000 -0.000000 -0.000000 106.136253 0.000000 1.948448
1.000000 120.000000 -0.000000 -0.000000 106.136253 0.000000 1.948448
1.000000 120.000000 -0.000000 -0.000000 106.136253 0.000000 1.948448
1.000000 120.000000 -0.000000 -0.000000 106.136253 0.000000 1.948448
1.000000 120.000000 -0.000000 -0.000000 106.136253 0.000000 1.948448
1.000000 120.000000 -0.000000 -0.000000 106.136253 0.000000 1.948448
1.000000 120.000000 -0.000000 -0.000000 106.136253 0.000000 1.948448
1.000000 120.000000 -0.000000 -0.000000 106.136253 0.000000 1.948448
1.000000 120.000000 -0.000000 -0.000000 106.136253 0.000000 1.948448
1.000000 120.000000 -0.000000 -0.000000 106.136253 0.000000 1.948448
1.000000 120.000000 -0.000000 -0.000000 106.136253 0.000000 1.948448
1.000000 120.000000 -0.000000 -0.000000 106.136253 0.000000 1.948448
1.000000 120.000000 -0.000000 -0.000000 106.136253 0.000000 1.948448
1.000000 120.000000 -0.000000 -0.000000 106.136253 0.000000 1.948448
1.000000 120.000000 -0.000000 -0.000000 106.136253 0.000000 1.948448
1.000000 120.000000 -0.000000 -0.000000 106.136253 0.000000 1.948448
1.000000 120.000000 -0.000000 -0.000000 106.136253 0.000000 1.948448
1.000000 120.000000 -0.000000 -0.000000 106.136253 0.000000 1.948448
1.000000 120.000000 -0.000000 -0.000000 106.136253 0.000000 1.948448
1.000000 120.000000 -0.000000 -0.000000 106.136253 0.000000 1.948448
1.000000 120.000000 -0.000000 -0.000000 106.136253 0.000000 1.948448
1.000000 120.000000 -0.000000 -0.000000 106.136253 0.000000 1.948448
1.000000 120.000000 -0.000000 -0.000000 106.136253 0.000000 1.948448
1.000000 120.000000 -0.000000 -0.000000 106.136253 0.000000 1.948448
1.000000 120.000000 -0.000000 -0.000000 106.136253 0.000000 1.948448
1.000000 120.000000 -0.000000 -0.000000 106.136253 0.000000 1.948448
1.000000 120.000000 -0.000000 -0.000000 106.136253 0.000000 1.948448
1.000000 120.000000 -0.000000 -0.000000 106.136253 0.000000 1.948448
1.000000 120.000000 -0.000000 -0.000000 106.136253 0.000000 1.948448
1.000000 120.000000 -0.000000 -0.000000 106.136253 0.000000 1.948448
1.000000 120.000000 -0.000000 -0.000000 106.136253 0.000000 1.948448
1.000000 120.000000 -0.000000 -0.000000 106.136253 0.000000 1.948448
1.000000 120.000000 -0.000000 -0.000000 106.136253 0.000000 1.948448
1.000000 120.000000 -0.000000 -0.000000 106.136253 0.000000 1.948448
1.000000 120.000000 -0.000000 -0.000000 106.136253 0.000000 1.948448
1.000000 120.000000 -0.000000 -0.000000 106.136253 0.000000 1.948448
1.000000 120.000000 -0.000000 -0.000000 106.136253 0.000000 1.948448
1.000000 120.000000 -0.000000 -0.000000 106.136253 0.000000 1.948448
1.000000 120.000000 -0.000000 -0.000000 106.136253 0.000000 1.948448
1.000000 120.000000 -0.000000 -0.000000 106.136253 0.000000 1.948448
1.000000 120.000000 -0.000000 -0.000000 106.136253 0.000000 1.948448
1.000000 120.000000 -0.000000 -0.000000 106.136253 0.000000 1.948448
1.000000 120.000000 -0.000000 -0.000000 106.136253 0.000000 1.948448
1.000000 120.000000 -0.000000 -0.000000 106.136253 0.000000 1.948448
1.000000 120.000000 -0.000000 -0.000000 106.136253 0.000000 1.948448
1.000000 120.000000 -0.000000 -0.000000 106.136253 0.000000 1.948448
1.000000 120.000000 -0.000000 -0.000000 106.136253 0.000000 1.948448
1.000000 120.000000 -0.000000 -0.000000 106.136253 0.000000 1.948448
1.000000 120.000000 -0.000000 -0.000000 106.136253 0.000000 1.948448
1.000000 120.000000 -0.000000 -0.000000 106.136253 0.000000 1.948448
1.000000 120.000000 -0.000000 -0.000000 106.136253 0.000000 1.948448
1.000000 120.000000 -0.000000 -0.000000 106.136253 0.000000 1.948448
1.000000 120.000000 -0.000000 -0.000000 106.136253 0.000000 1.948448
1.000000 120.000000 -0.000000 -0.000000 106.136253 0.000000 1.948448
1.000000 120.000000 -0.000000 -0.000000 106.136253 0.000000 1.948448
1.000000 120.000000 -0.000000 -0.000000 106.136253 0.000000 1.948448
1.000000 120.000000 -0.000000 -0.000000 106.136253 0.000000 1.948448
1.000000 120.000000 -0.000000 -0.000000 106.136253 0.000000 1.948448
1.000000 120.000000 -0.000000 -0.000000 106.136253 0.000000 1.948448
1.000000 120.000000 -0.000000 -0.000000 106.136253 0.000000 1.948448
1.000000 120.000000 -0.000000 -0.000000 106.136253 0.000000 1.948448
1.000000 120.000000 -0.000000 -0.000000 106.136253 0.000000 1.948448
1.000000 120.000000 -0.000000 -0.000000 106.136253 0.000000 1.948448
1.000000 120.000000 -0.000000 -0.000000 106.136253 0.000000 1.948448
1.000000 120.000000 -0.000000 -0.000000 106.136253 0.000000 1.948448
1.000000 120.000000 -0.000000 -0.000000 106.136253 0.000000 1.948448
1.000000 120.000000 -0.000000 -0.000000 106.136253 0.000000 1.948448
1.000000 120.000000 -0.000000 -0.000000 106.136253 0.000000 1.948448
1.000000 120.000000 -0.000000 -0.000000 106.136253 0.000000 1.948448
1.000000 120.000000 -0.000000 -0.000000 106.136253 0.000000 1.948448
1.000000 120.000000 -0.000000 -0.000000 106.136253 0.000000 1.948448
1.000000 120.000000 -0.000000 -0.000000 106.136253 0.000000 1.948448
1.000000 120.000000 -0.000000 -0.000000 106.136253 0.000000 1.948448
1.000000 120.000000 -0.000000 -0.000000 106.136253 0.000000 1.948448
1.000000 120.000000 -0.000000 -0.000000 106.136253 0.000000 1.948448
1.000000 120.000000 -0.000000 -0.000000 106.136253 0.000000 1.948448
1.000000 120.000000 -0.000000 -0.000000 106.136253 0.000000 1.948448
1.000000 120.000000 -0.000000 -0.000000 106.136253 0.000000 1.948448
1.000000 120.000000 -0.000000 -0.000000 106.136253 0.000000 1.948448
1.000000 120.000000 -0.000000 -0.000000 106.136253 0.000000 1.948448
1.000000 120.000000 -0.000000 -0.000000 106.136253 0.000000 1.948448
1.000000 120.000000 -0.000000 -0.000000 106.136253 0.000000 1.948448
1.000000 120.000000 -0.000000 -0.000000 106.136253 0.000000 1.948448
1.000000 120.000000 -0.000000 -0.000000 106.136253 0.000000 1.948448
1.000000 120.000000 -0.000000 -0.000000 106.136253 0.000000 1.948448
1.000000 120.000000 -0.000000 -0.000000 106.136253 0.000000 1.948448
1.000000 120.000000 -0.000000 -0.000000 106.136253 0.000000 1.948448
1.000000 120.000000 -0.000000 -0.000000 106.136253 0.000000 1.948448
1.000000 120.000000 -0.000000 -0.000000 106.136253 0.000000 1.948448
1.000000 120.000000 -0.000000 -0.000000 106.136253 0.000000 1.948448
1.000000 120.000000 -0.000000 -0.000000 106.136253 0.000000 1.948448
1.000000 120.000000 -0.000000 -0.000000 106.136253 0.000000 1.948448
1.000000 120.000000 -0.000000 -0.000000 106.136253 0.000000 1.948448
1.000000 120.000000 -0.000000 -0.000000 106.136253 0.000000 1.948448
1.000000 120.000000 -0.000000 -0.000000 106.136253 0.000000 1.948448
1.000000 120.000000 -0.000000 -0.000000 106.136253 0.000000 1.948448
1.000000 120.000000 -0.000000 -0.000000 106.136253 0.000000 1.948448
1.000000 120.000000 -0.000000 -0.000000 106.136253 0.000000 1.948448
1.000000 120.000000 -0.000000 -0.000000 106.136253 0.000000 1.948448
1.000000 120.000000 -0.000000 -0.000000 106.136253 0.000000 1.948448
1.000000 120.000000 -0.000000 -0.000000 106.136253 0.000000 1.948448
1.000000 120.000000 -0.000000 -0.000000 106.136253 0.000000 1.948448
1.000000 120.000000 -0.000000 -0.000000 106.136253 0.000000 1.948448
1.000000 120.000000 -0.000000 -0.000000 106.136253 0.000000 1.948448
1.000000 120.000000 -0.000000 -0.000000 106.136253 0.000000 1.948448
1.000000 120.000000 -0.000000 -0.000000 106.136253 0.000000 1.948448
1.000000 120.000000 -0.000000 -0.000000 106.136253 0.000000 1.948448
1.000000 120.000000 -0.000000 -0.000000 106.136253 0.000000 1.948448
1.000000 120.000000 -0.000000 -0.000000 106.136253 0.000000 1.948448
1.000000 120.000000 -0.000000 -0.000000 106.136253 0.000000 1.948448
1.000000 120.000000 -0.000000 -0.000000 106.136253 0.000000 1.948448
1.000000 120.000000 -0.000000 -0.000000 106.136253 0.000000 1.948448
1.000000 120.000000 -0.000000 -0.000000 106.136253 0.000000 1.948448
1.000000 120.000000 -0.000000 -0.000000 106.136253 0.000000 1.948448
1.000000 120.000000 -0.000000 -0.000000 106.136253 0.000000 1.948448
1.000000 120.000000 -0.000000 -0.000000 106.136253 0.000000 1.948448
1.000000 120.000000 -0.000000 -0.000000 106.136253 0.000000 1.948448
1.000000 120.000000 -0.000000 -0.000000 106.136253 0.000000 1.948448
1.000000 120.000000 -0.000000 -0.000000 106.136253 0.000000 1.948448
1.000000 120.000000 -0.000000 -0.000000 106.136253 0.000000 1.948448
1.000000 120.000000 -0.000000 -0.000000 106.136253 0.000000 1.948448
1.000000 120.000000 -0.000000 -0.000000 106.136253 0.000000 1.948448
1.000000 120.000000 -0.000000 -0.000000 106.136253 0.000000 1.948448
1.000000 120.000000 -0.000000 -0.000000 106.136253 0.000000 1.948448
1.000000 120.000000 -0.000000 -0.000000 106.136253 0.000000 1.948448
1.000000 120.000000 -0.000000 -0.000000 106.136253 0.000000 1.948448
1.000000 120.000000 -0.000000 -0.000000 106.136253 0.000000 1.948448
1.000000 120.000000 -0.000000 -0.000000 106.136253 0.000000 1.948448
1.000000 120.000000 -0.000000 -0.000000 106.136253 0.000000 1.948448
1.000000 120.000000 -0.000000 -0.000000 106.136253 0.000000 1.948448
1.000000 120.000000 -0.000000 -0.000000 106.136253 0.000000 1.948448
1.000000 120.000000 -0.000000 -0.000000 106.136253 0.000000 1.948448
1.000000 120.000000 -0.000000 -0.000000 106.136253 0.000000 1.948448
1.000000 120.000000 -0.000000 -0.000000 106.136253 0.000000 1.948448
1.000000 120.000000 -0.000000 -0.000000 106.136253 0.000000 1.948448
1.000000 120.000000 -0.000000 -0.000000 106.136253 0.000000 1.948448
1.000000 120.000000 -0.000000 -0.000000 106.136253 0.000000 1.948448
1.000000 120.000000 -0.000000 -0.000000 106.136253 0.000000 1.948448
1.000000 120.000000 -0.000000 -0.000000 106.136253 0.000000 1.948448
1.000000 120.000000 -0.000000 -0.000000 106.136253 0.000000 1.948448
1.000000 120.000000 -0.000000 -0.000000 106.136253 0.000000 1.948448
1.000000 120.000000 -0.000000 -0.000000 106.136253 0.000000 1.948448
1.000000 120.000000 -0.000000 -0.000000 106.136253 0.000000 1.948448
1.000000 120.000000 -0.000000 -0.000000 106.136253 0.000000 1.948448
1.000000 120.000000 -0.000000 -0.000000 106.136253 0.000000 1.948448
1.000000 120.000000 -0.000000 -0.000000 106.136253 0.000000 1.948448
1.000000 120.000000 -0.000000 -0.000000 106.136253 0.000000 1.948448
1.000000 120.000000 -0.000000 -0.000000 106.136253 0.000000 1.948448
1.000000 120.000000 -0.000000 -0.000000 106.136253 0.000000 1.948448
1.000000 120.000000 -0.000000 -0.000000 106.136253 0.000000 1.948448
1.000000 120.000000 -0.000000 -0.000000 106.136253 0.000000 1.948448
1.000000 120.000000 -0.000000 -0.000000 106.136253 0.000000 1.948448
1.000000 120.000000 -0.000000 -0.000000 106.136253 0.000000 1.948448
1.000000 120.000000 -0.000000 -0.000000 106.136253 0.000000 1.948448
1.000000 120.000000 -0.000000 -0.000000 106.136253 0.000000 1.948448
1.000000 120.000000 -0.000000 -0.000000 106.136253 0.000000 1.948448
1.000000 120.000000 -0.000000 -0.000000 106.136253 0.000000 1.948448
1.000000 120.000000 -0.000000 -0.000000 106.136253 0.000000 1.948448
1.000000 120.000000 -0.000000 -0.000000 106.136253 0.000000 1.948448
1.000000 120.000000 -0.000000 -0.000000 106.136253 0.000000 1.948448
1.000000 120.000000 -0.000000 -0.000000 106.136253 0.000000 1.948448
1.000000 120.000000 -0.000000 -0.000000 106.136253 0.000000 1.948448
1.000000 120.000000 -0.000000 -0.000000 106.136253 0.000000 1.948448
1.000000 120.000000 -0.000000 -0.000000 106.136253 0.000000 1.948448
1.000000 120.000000 -0.000000 -0.000000 106.136253 0.000000 1.948448
1.000000 120.000000 -0.000000 -0.000000 106.136253 0.000000 1.948448
1.000000 120.000000 -0.000000 -0.000000 106.136253 0.000000 1.948448
1.000000 120.000000 -0.000000 -0.000000 106.136253 0.000000 1.948448
1.000000 120.000000 -0.000000 -0.000000 106.136253 0.000000 1.948448
1.000000 120.000000 -0.000000 -0.000000 106.136253 0.000000 1.948448
1.000000 120.000000 -0.000000 -0.000000 106.136253 0.000000 1.948448
1.000000 120.000000 -0.000000 -0.000000 106.136253 0.000000 1.948448
1.000000 120.000000 -0.000000 -0.000000 106.136253 0.000000 1.948448
1.000000 120.000000 -0.000000 -0.000000 106.136253 0.000000 1.948448
1.000000 120.000000 -0.000000 -0.000000 106.136253 0.000000 1.948448
1.000000 120.000000 -0.000000 -0.000000 106.136253 0.000000 1.948448
1.000000 120.000000 -0.000000 -0.000000 106.136253 0.000000 1.948448
1.000000 120.000000 -0.000000 -0.000000 106.136253 0.000000 1.948448
1.000000 120.000000 -0.000000 -0.000000 106.136253 0.000000 1.948448
1.000000 120.000000 -0.000000 -0.000000 106.136253 0.000000 1.948448
1.000000 120.000000 -0.000000 -0.000000 106.136253 0.000000 1.948448
1.000000 120.000000 -0.000000 -0.000000 106.136253 0.000000 1.948448
1.000000 120.000000 -0.000000 -0.000000 106.136253 0.000000 1.948448
1.000000 120.000000 -0.000000 -0.000000 106.136253 0.000000 1.948448
1.000000 120.000000 -0.000000 -0.000000 106.136253 0.000000 1.948448
1.000000 120.000000 -0.000000 -0.000000 106.136253 0.000000 1.948448
1.000000 120.000000 -0.000000 -0.000000 106.136253 0.000000 1.948448
1.000000 120.000000 -0.000000 -0.000000 106.136253 0.000000 1.948448
1.000000 120.000000 -0.000000 -0.000000 106.136253 0.000000 1.948448
1.000000 120.000000 -0.000000 -0.000000 106.136253 0.000000 1.948448
1.000000 120.000000 -0.000000 -0.000000 106.136253 0.000000 1.948448
1.000000 120.000000 -0.000000 -0.000000 106.136253 0.000000 1.948448
1.000000 120.000000 -0.000000 -0.000000 106.136253 0.000000 1.948448
1.000000 120.000000 -0.000000 -0.000000 106.136253 0.000000 1.948448
1.000000 120.000000 -0.000000 -0.000000 106.136253 0.000000 1.948448
1.000000 120.000000 -0.000000 -0.000000 106.136253 0.000000 1.948448
1.000000 120.000000 -0.000000 -0.000000 106.136253 0.000000 1.948448
1.000000 120.000000 -0.000000 -0.000000 106.136253 0.000000 1.948448
1.000000 120.000000 -0.000000 -0.000000 106.136253 0.000000 1.948448
1.000000 120.000000 -0.000000 -0.000000 106.136253 0.000000 1.948448
1.000000 120.000000 -0.000000 -0.000000 106.136253 0.000000 1.948448
1.000000 120.000000 -0.000000 -0.000000 106.136253 0.000000 1.948448
1.000000 120.000000 -0.000000 -0.000000 106.136253 0.000000 1.948448
1.000000 120.000000 -0.000000 -0.000000 106.136253 0.000000 1.948448
1.000000 120.000000 -0.000000 -0.000000 106.136253 0.000000 1.948448
1.000000 120.000000 -0.000000 -0.000000 106.136253 0.000000 1.948448
1.000000 120.000000 -0.000000 -0.000000 106.136253 0.000000 1.948448
1.000000 120.000000 -0.000000 -0.000000 106.136253 0.000000 1.948448
1.000000 120.000000 -0.000000 -0.000000 106.136253 0.000000 1.948448
1.000000 120.000000 -0.000000 -0.000000 106.136253 0.000000 1.948448
1.000000 120.000000 -0.000000 -0.000000 106.136253 0.000000 1.948448
1.000000 120.000000 -0.000000 -0.000000 106.136253 0.000000 1.948448
1.000000 120.000000 -0.000000 -0.000000 106.136253 0.000000 1.948448
1.000000 120.000000 -0.000000 -0.000000 106.136253 0.000000 1.948448
1.000000 120.000000 -0.000000 -0.000000 106.136253 0.000000 1.948448
1.000000 120.000000 -0.000000 -0.000000 106.136253 0.000000 1.948448
1.000000 120.000000 -0.000000 -0.000000 106.136253 0.000000 1.948448
1.000000 120.000000 -0.000000 -0.000000 106.136253 0.000000 1.948448
1.000000 120.000000 -0.000000 -0.000000 106.136253 0.000000 1.948448
1.000000 120.000000 -0.000000 -0.000000 106.136253 0.000000 1.948448
1.000000 120.000000 -0.000000 -0.000000 106.136253 0.000000 1.948448
1.000000 120.000000 -0.000000 -0.000000 106.136253 0.000000 1.948448
1.000000 120.000000 -0.000000 -0.000000 106.136253 0.000000 1.948448
1.000000 120.000000 -0.000000 -0.000000 106.136253 0.000000 1.948448
1.000000 120.000000 -0.000000 -0.000000 106.136253 0.000000 1.948448
1.000000 120.000000 -0.000000 -0.000000 106.136253 0.000000 1.948448
1.000000 120.000000 -0.000000 -0.000000 106.136253 0.000000 1.948448
1.000000 120.000000 -0.000000 -0.000000 106.136253 0.000000 1.948448
1.000000 120.000000 -0.000000 -0.000000 106.136253 0.000000 1.948448
1.000000 120.000000 -0.000000 -0.000000 106.136253 0.000000 1.948448
1.000000 120.000000 -0.000000 -0.000000 106.136253 0.000000 1.948448
1.000000 120.000000 -0.000000 -0.000000 106.136253 0.000000 1.948448
1.000000 120.000000 -0.000000 -0.000000 106.136253 0.000000 1.948448
1.000000 120.000000 -0.000000 -0.000000 106.136253 0.000000 1.948448
1.000000 120.000000 -0.000000 -0.000000 106.136253 0.000000 1.948448
1.000000 120.000000 -0.000000 -0.000000 106.136253 0.000000 1.948448
1.000000 120.000000 -0.000000 -0.000000 106.136253 0.000000 1.948448
1.000000 120.000000 -0.000000 -0.000000 106.136253 0.000000 1.948448
1.000000 120.000000 -0.000000 -0.000000 106.136253 0.000000 1.948448
1.000000 120.000000 -0.000000 -0.000000 106.136253 0.000000 1.948448
1.000000 120.000000 -0.000000 -0.000000 106.136253 0.000000 1.948448
1.000000 120.000000 -0.000000 -0.000000 106.136253 0.000000 1.948448
1.000000 120.000000 -0.000000 -0.000000 106.136253 0.000000 1.948448
1.000000 120.000000 -0.000000 -0.000000 106.136253 0.000000 1.948448
1.000000 120.000000 -0.000000 -0.000000 106.136253 0.000000 1.948448
1.000000 120.000000 -0.000000 -0.000000 106.136253 0.000000 1.948448
1.000000 120.000000 -0.000000 -0.000000 106.136253 0.000000 1.948448
1.000000 120.000000 -0.000000 -0.000000 106.136253 0.000000 1.948448
1.000000 120.000000 -0.000000 -0.000000 106.136253 0.000000 1.948448
1.000000 120.000000 -0.000000 -0.000000 106.136253 0.000000 1.948448
1.000000 120.000000 -0.000000 -0.000000 106.136253 0.000000 1.948448
1.000000 120.000000 -0.000000 -0.000000 106.136253 0.000000 1.948448
1.000000 120.000000 -0.000000 -0.000000 106.136253 0.000000 1.948448
1.000000 120.000000 -0.000000 -0.000000 106.136253 0.000000 1.948448
1.000000 120.000000 -0.000000 -0.000000 106.136253 0.000000 1.948448
1.000000 120.000000 -0.000000 -0.000000 106.136253 0.000000 1.948448
1.000000 120.000000 -0.000000 -0.000000 106.136253 0.000000 1.948448
1.000000 120.000000 -0.000000 -0.000000 106.136253 0.000000 1.948448
1.000000 120.000000 -0.000000 -0.000000 106.136253 0.000000 1.948448
1.000000 120.000000 -0.000000 -0.000000 106.136253 0.000000 1.948448
1.000000 120.000000 -0.000000 -0.000000 106.136253 0.000000 1.948448
1.000000 120.000000 -0.000000 -0.000000 106.136253 0.000000 1.948448
1.000000 120.000000 -0.000000 -0.000000 106.136253 0.000000 1.948448
1.000000 120.000000 -0.000000 -0.000000 106.136253 0.000000 1.948448
1.000000 120.000000 -0.000000 -0.000000 106.136253 0.000000 1.948448
1.000000 120.000000 -0.000000 -0.000000 106.136253 0.000000 1.948448
1.000000 120.000000 -0.000000 -0.000000 106.136253 0.000000 1.948448
1.000000 120.000000 -0.000000 -0.000000 106.136253 0.000000 1.948448
1.000000 120.000000 -0.000000 -0.000000 106.136253 0.000000 1.948448
1.000000 120.000000 -0.000000 -0.000000 106.136253 0.000000 1.948448
1.000000 120.000000 -0.000000 -0.000000 106.136253 0.000000 1.948448
1.000000 120.000000 -0.000000 -0.000000 106.136253 0.000000 1.948448
1.000000 120.000000 -0.000000 -0.000000 106.136253 0.000000 1.948448
1.000000 120.000000 -0.000000 -0.000000 106.136253 0.000000 1.948448
1.000000 120.000000 -0.000000 -0.000000 106.136253 0.000000 1.948448
1.000000 120.000000 -0.000000 -0.000000 106.136253 0.000000 1.948448
1.000000 120.000000 -0.000000 -0.000000 106.136253 0.000000 1.948448
1.000000 120.000000 -0.000000 -0.000000 106.136253 0.000000 1.948448
1.000000 120.000000 -0.000000 -0.000000 106.136253 0.000000 1.948448
1.000000 120.000000 -0.000000 -0.000000 106.136253 0.000000 1.948448
1.000000 120.000000 -0.000000 -0.000000 106.136253 0.000000 1.948448
1.000000 120.000000 -0.000000 -0.000000 106.136253 0.000000 1.948448
1.000000 120.000000 -0.000000 -0.000000 106.136253 0.000000 1.948448
1.000000 120.000000 -0.000000 -0.000000 106.136253 0.000000 1.948448
1.000000 120.000000 -0.000000 -0.000000 106.136253 0.000000 1.948448
1.000000 120.000000 -0.000000 -0.000000 106.136253 0.000000 1.948448
1.000000 120.000000 -0.000000 -0.000000 106.136253 0.000000 1.948448
1.000000 120.000000 -0.000000 -0.000000 106.136253 0.000000 1.948448
1.000000 120.000000 -0.000000 -0.000000 106.136253 0.000000 1.948448
1.000000 120.000000 -0.000000 -0.000000 106.136253 0.000000 1.948448
1.000000 120.000000 -0.000000 -0.000000 106.136253 0.000000 1.948448
1.000000 120.000000 -0.000000 -0.000000 106.136253 0.000000 1.948448
1.000000 120.000000 -0.000000 -0.000000 106.136253 0.000000 1.948448
1.000000 120.000000 -0.000000 -0.000000 106.136253 0.000000 1.948448
1.000000 120.000000 -0.000000 -0.000000 106.136253 0.000000 1.948448
1.000000 120.000000 -0.000000 -0.000000 106.136253 0.000000 1.948448
1.000000 120.000000 -0.000000 -0.000000 106.136253 0.000000 1.948448
1.000000 120.000000 -0.000000 -0.000000 106.136253 0.000000 1.948448
1.000000 120.000000 -0.000000 -0.000000 106.136253 0.000000 1.948448
1.000000 120.000000 -0.000000 -0.000000 106.136253 0.000000 1.948448
1.000000 120.000000 -0.000000 -0.000000 106.136253 0.000000 1.948448
1.000000 120.000000 -0.000000 -0.000000 106.136253 0.000000 1.948448
1.000000 120.000000 -0.000000 -0.000000 106.136253 0.000000 1.948448
1.000000 120.000000 -0.000000 -0.000000 106.136253 0.000000 1.948448
1.000000 120.000000 -0.000000 -0.000000 106.136253 0.000000 1.948448
1.000000 120.000000 -0.000000 -0.000000 106.136253 0.000000 1.948448
1.000000 120.000000 -0.000000 -0.000000 106.136253 0.000000 1.948448
1.000000 120.000000 -0.000000 -0.000000 106.136253 0.000000 1.948448
1.000000 120.000000 -0.000000 -0.000000 106.136253 0.000000 1.948448
1.000000 120.000000 -0.000000 -0.000000 106.136253 0.000000 1.948448
1.000000 120.000000 -0.000000 -0.000000 106.136253 0.000000 1.948448
1.000000 120.000000 -0.000000 -0.000000 106.136253 0.000000 1.948448
1.000000 120.000000 -0.000000 -0.000000 106.136253 0.000000 1.948448
1.000000 120.000000 -0.000000 -0.000000 106.136253 0.000000 1.948448
1.000000 120.000000 -0.000000 -0.000000 106.136253 0.000000 1.948448
1.000000 120.000000 -0.000000 -0.000000 106.136253 0.000000 1.948448
1.000000 120.000000 -0.000000 -0.000000 106.136253 0.000000 1.948448
1.000000 120.000000 -0.000000 -0.000000 106.136253 0.000000 1.948448
1.000000 120.000000 -0.000000 -0.000000 106.136253 0.000000 1.948448
1.000000 120.000000 -0.000000 -0.000000 106.136253 0.000000 1.948448
1.000000 120.000000 -0.000000 -0.000000 106.136253 0.000000 1.948448
1.000000 120.000000 -0.000000 -0.000000 106.136253 0.000000 1.948448
1.000000 120.000000 -0.000000 -0.000000 106.136253 0.000000 1.948448
1.000000 120.000000 -0.000000 -0.000000 106.136253 0.000000 1.948448
1.000000 120.000000 -0.000000 -0.000000 106.136253 0.000000 1.948448
1.000000 120.000000 -0.000000 -0.000000 106.136253 0.000000 1.948448
1.000000 120.000000 -0.000000 -0.000000 106.136253 0.000000 1.948448
1.000000 120.000000 -0.000000 -0.000000 106.136253 0.000000 1.948448
1.000000 120.000000 -0.000000 -0.000000 106.136253 0.000000 1.948448
1.000000 120.000000 -0.000000 -0.000000 106.136253 0.000000 1.948448
1.000000 120.000000 -0.000000 -0.000000 106.136253 0.000000 1.948448
1.000000 120.000000 -0.000000 -0.000000 106.136253 0.000000 1.948448
1.000000 120.000000 -0.000000 -0.000000 106.136253 0.000000 1.948448
1.000000 120.000000 -0.000000 -0.000000 106.136253 0.000000 1.948448
1.000000 120.000000 -0.000000 -0.000000 106.136253 0.000000 1.948448
1.000000 120.000000 -0.000000 -0.000000 106.136253 0.000000 1.948448
1.000000 120.000000 -0.000000 -0.000000 106.136253 0.000000 1.948448
1.000000 120.000000 -0.000000 -0.000000 106.136253 0.000000 1.948448
1.000000 120.000000 -0.000000 -0.000000 106.136253 0.000000 1.948448
1.000000 120.000000 -0.000000 -0.000000 106.136253 0.000000 1.948448
1.000000 120.000000 -0.000000 -0.000000 106.136253 0.000000 1.948448
1.000000 120.000000 -0.000000 -0.000000 106.136253 0.000000 1.948448
1.000000 120.000000 -0.000000 -0.000000 106.136253 0.000000 1.948448
1.000000 120.000000 -0.000000 -0.000000 106.136253 0.000000 1.948448
1.000000 120.000000 -0.000000 -0.000000 106.136253 0.000000 1.948448
1.000000 120.000000 -0.000000 -0.000000 106.136253 0.000000 1.948448
1.000000 120.000000 -0.000000 -0.000000 106.136253 0.000000 1.948448
1.000000 120.000000 -0.000000 -0.000000 106.136253 0.000000 1.948448
1.000000 120.000000 -0.000000 -0.000000 106.136253 0.000000 1.948448
1.000000 120.000000 -0.000000 -0.000000 106.136253 0.000000 1.948448
1.000000 120.000000 -0.000000 -0.000000 106.136253 0.000000 1.948448
1.000000 120.000000 -0.000000 -0.000000 106.136253 0.000000 1.948448
1.000000 120.000000 -0.000000 -0.000000 106.136253 0.000000 1.948448
1.000000 120.000000 -0.000000 -0.000000 106.136253 0.000000 1.948448
1.000000 120.000000 -0.000000 -0.000000 106.136253 0.000000 1.948448
1.000000 120.000000 -0.000000 -0.000000 106.136253 0.000000 1.948448
1.000000 120.000000 -0.000000 -0.000000 106.136253 0.000000 1.948448
1.000000 120.000000 -0.000000 -0.000000 106.136253 0.000000 1.948448
1.000000 120.000000 -0.000000 -0.000000 106.136253 0.000000 1.948448
1.000000 120.000000 -0.000000 -0.000000 106.136253 0.000000 1.948448
1.000000 120.000000 -0.000000 -0.000000 106.136253 0.000000 1.948448
1.000000 120.000000 -0.000000 -0.000000 106.136253 0.000000 1.948448
1.000000 120.000000 -0.000000 -0.000000 106.136253 0.000000 1.948448
1.000000 120.000000 -0.000000 -0.000000 106.136253 0.000000 1.948448
1.000000 120.000000 -0.000000 -0.000000 106.136253 0.000000 1.948448
1.000000 120.000000 -0.000000 -0.000000 106.136253 0.000000 1.948448
1.000000 120.000000 -0.000000 -0.000000 106.136253 0.000000 1.948448
1.000000 120.000000 -0.000000 -0.000000 106.136253 0.000000 1.948448
1.000000 120.000000 -0.000000 -0.000000 106.136253 0.000000 1.948448
1.000000 120.000000 -0.000000 -0.000000 106.136253 0.000000 1.948448
1.000000 120.000000 -0.000000 -0.000000 106.136253 0.000000 1.948448
1.000000 120.000000 -0.000000 -0.000000 106.136253 0.000000 1.948448
1.000000 120.000000 -0.000000 -0.000000 106.136253 0.000000 1.948448
1.000000 120.000000 -0.000000 -0.000000 106.136253 0.000000 1.948448
1.000000 120.000000 -0.000000 -0.000000 106.136253 0.000000 1.948448
1.000000 120.000000 -0.000000 -0.000000 106.136253 0.000000 1.948448
1.000000 120.000000 -0.000000 -0.000000 106.136253 0.000000 1.948448
1.000000 120.000000 -0.000000 -0.000000 106.136253 0.000000 1.948448
1.000000 120.000000 -0.000000 -0.000000 106.136253 0.000000 1.948448
1.000000 120.000000 -0.000000 -0.000000 106.136253 0.000000 1.948448
1.000000 120.000000 -0.000000 -0.000000 106.136253 0.000000 1.948448
1.000000 120.000000 -0.000000 -0.000000 106.136253 0.000000 1.948448
1.000000 120.000000 -0.000000 -0.000000 106.136253 0.000000 1.948448
1.000000 120.000000 -0.000000 -0.000000 106.136253 0.000000 1.948448
1.000000 120.000000 -0.000000 -0.000000 106.136253 0.000000 1.948448
1.000000 120.000000 -0.000000 -0.000000 106.136253 0.000000 1.948448
1.000000 120.000000 -0.000000 -0.000000 106.136253 0.000000 1.948448
1.000000 120.000000 -0.000000 -0.000000 106.136253 0.000000 1.948448
1.000000 120.000000 -0.000000 -0.000000 106.136253 0.000000 1.948448
1.000000 120.000000 -0.000000 -0.000000 106.136253 0.000000 1.948448
1.000000 120.000000 -0.000000 -0.000000 106.136253 0.000000 1.948448
1.000000 120.000000 -0.000000 -0.000000 106.136253 0.000000 1.948448
1.000000 120.000000 -0.000000 -0.000000 106.136253 0.000000 1.948448
1.000000 120.000000 -0.000000 -0.000000 106.136253 0.000000 1.948448
1.000000 120.000000 -0.000000 -0.000000 106.136253 0.000000 1.948448
1.000000 120.000000 -0.000000 -0.000000 106.136253 0.000000 1.948448
1.000000 120.000000 -0.000000 -0.000000 106.136253 0.000000 1.948448
1.000000 120.000000 -0.000000 -0.000000 106.136253 0.000000 1.948448
1.000000 120.000000 -0.000000 -0.000000 106.136253 0.000000 1.948448
1.000000 120.000000 -0.000000 -0.000000 106.136253 0.000000 1.948448
1.000000 120.000000 -0.000000 -0.000000 106.136253 0.000000 1.948448
1.000000 120.000000 -0.000000 -0.000000 106.136253 0.000000 1.948448
1.000000 120.000000 -0.000000 -0.000000 106.136253 0.000000 1.948448
1.000000 120.000000 -0.000000 -0.000000 106.136253 0.000000 1.948448
1.000000 120.000000 -0.000000 -0.000000 106.136253 0.000000 1.948448
1.000000 120.000000 -0.000000 -0.000000 106.136253 0.000000 1.948448
1.000000 120.000000 -0.000000 -0.000000 106.136253 0.000000 1.948448
1.000000 120.000000 -0.000000 -0.000000 106.136253 0.000000 1.948448
1.000000 120.000000 -0.000000 -0.000000 106.136253 0.000000 1.948448
1.000000 120.000000 -0.000000 -0.000000 106.136253 0.000000 1.948448
1.000000 120.000000 -0.000000 -0.000000 106.136253 0.000000 1.948448
1.000000 120.000000 -0.000000 -0.000000 106.136253 0.000000 1.948448
1.000000 120.000000 -0.000000 -0.000000 106.136253 0.000000 1.948448
1.000000 120.000000 -0.000000 -0.000000 106.136253 0.000000 1.948448
1.000000 120.000000 -0.000000 -0.000000 106.136253 0.000000 1.948448
1.000000 120.000000 -0.000000 -0.000000 106.136253 0.000000 1.948448
1.000000 120.000000 -0.000000 -0.000000 106.136253 0.000000 1.948448
1.000000 120.000000 -0.000000 -0.000000 106.136253 0.000000 1.948448
1.000000 120.000000 -0.000000 -0.000000 106.136253 0.000000 1.948448
1.000000 120.000000 -0.000000 -0.000000 106.136253 0.000000 1.948448
1.000000 120.000000 -0.000000 -0.000000 106.136253 0.000000 1.948448
1.000000 120.000000 -0.000000 -0.000000 106.136253 0.000000 1.948448
1.000000 120.000000 -0.000000 -0.000000 106.136253 0.000000 1.948448
1.000000 120.000000 -0.000000 -0.000000 106.136253 0.000000 1.948448
1.000000 120.000000 -0.000000 -0.000000 106.136253 0.000000 1.948448
1.000000 120.000000 -0.000000 -0.000000 106.136253 0.000000 1.948448
1.000000 120.000000 -0.000000 -0.000000 106.136253 0.000000 1.948448
1.000000 120.000000 -0.000000 -0.000000 106.136253 0.000000 1.948448
1.000000 120.000000 -0.000000 -0.000000 106.136253 0.000000 1.948448
1.000000 120.000000 -0.000000 -0.000000 106.136253 0.000000 1.948448
1.000000 120.000000 -0.000000 -0.000000 106.136253 0.000000 1.948448
1.000000 120.000000 -0.000000 -0.000000 106.136253 0.000000 1.948448
1.000000 120.000000 -0.000000 -0.000000 106.136253 0.000000 1.948448
1.000000 120.000000 -0.000000 -0.000000 106.136253 0.000000 1.948448
1.000000 120.000000 -0.000000 -0.000000 106.136253 0.000000 1.948448
1.000000 120.000000 -0.000000 -0.000000 106.136253 0.000000 1.948448
1.000000 120.000000 -0.000000 -0.000000 106.136253 0.000000 1.948448
1.000000 120.000000 -0.000000 -0.000000 106.136253 0.000000 1.948448
1.000000 120.000000 -0.000000 -0.000000 106.136253 0.000000 1.948448
1.000000 120.000000 -0.000000 -0.000000 106.136253 0.000000 1.948448
1.000000 120.000000 -0.000000 -0.000000 106.136253 0.000000 1.948448
1.000000 120.000000 -0.000000 -0.000000 106.136253 0.000000 1.948448
1.000000 120.000000 -0.000000 -0.000000 106.136253 0.000000 1.948448
1.000000 120.000000 -0.000000 -0.000000 106.136253 0.000000 1.948448
1.000000 120.000000 -0.000000 -0.000000 106.136253 0.000000 1.948448
1.000000 120.000000 -0.000000 -0.000000 106.136253 0.000000 1.948448
1.000000 120.000000 -0.000000 -0.000000 106.136253 0.000000 1.948448
1.000000 120.000000 -0.000000 -0.000000 106.136253 0.000000 1.948448
1.000000 120.000000 -0.000000 -0.000000 106.136253 0.000000 1.948448
1.000000 120.000000 -0.000000 -0.000000 106.136253 0.000000 1.948448
1.000000 120.000000 -0.000000 -0.000000 106.136253 0.000000 1.948448
1.000000 120.000000 -0.000000 -0.000000 106.136253 0.000000 1.948448
1.000000 120.000000 -0.000000 -0.000000 106.136253 0.000000 1.948448
1.000000 120.000000 -0.000000 -0.000000 106.136253 0.000000 1.948448
1.000000 120.000000 -0.000000 -0.000000 106.136253 0.000000 1.948448
1.000000 120.000000 -0.000000 -0.000000 106.136253 0.000000 1.948448
1.000000 120.000000 -0.000000 -0.000000 106.136253 0.000000 1.948448
1.000000 120.000000 -0.000000 -0.000000 106.136253 0.000000 1.948448
1.000000 120.000000 -0.000000 -0.000000 106.136253 0.000000 1.948448
1.000000 120.000000 -0.000000 -0.000000 106.136253 0.000000 1.948448
1.000000 120.000000 -0.000000 -0.000000 106.136253 0.000000 1.948448
1.000000 120.000000 -0.000000 -0.000000 106.136253 0.000000 1.948448
1.000000 120.000000 -0.000000 -0.000000 106.136253 0.000000 1.948448
1.000000 120.000000 -0.000000 -0.000000 106.136253 0.000000 1.948448
1.000000 120.000000 -0.000000 -0.000000 106.136253 0.000000 1.948448
1.000000 120.000000 -0.000000 -0.000000 106.136253 0.000000 1.948448
1.000000 120.000000 -0.000000 -0.000000 106.136253 0.000000 1.948448
1.000000 120.000000 -0.000000 -0.000000 106.136253 0.000000 1.948448
1.000000 120.000000 -0.000000 -0.000000 106.136253 0.000000 1.948448
1.000000 120.000000 -0.000000 -0.000000 106.136253 0.000000 1.948448
1.000000 120.000000 -0.000000 -0.000000 106.136253 0.000000 1.948448
1.000000 120.000000 -0.000000 -0.000000 106.136253 0.000000 1.948448
1.000000 120.000000 -0.000000 -0.000000 106.136253 0.000000 1.948448
1.000000 120.000000 -0.000000 -0.000000 106.136253 0.000000 1.948448
1.000000 120.000000 -0.000000 -0.000000 106.136253 0.000000 1.948448
1.000000 120.000000 -0.000000 -0.000000 106.136253 0.000000 1.948448
1.000000 120.000000 -0.000000 -0.000000 106.136253 0.000000 1.948448
1.000000 120.000000 -0.000000 -0.000000 106.136253 0.000000 1.948448
1.000000 120.000000 -0.000000 -0.000000 106.136253 0.000000 1.948448
1.000000 120.000000 -0.000000 -0.000000 106.136253 0.000000 1.948448
1.000000 120.000000 -0.000000 -0.000000 106.136253 0.000000 1.948448
1.000000 120.000000 -0.000000 -0.000000 106.136253 0.000000 1.948448
1.000000 120.000000 -0.000000 -0.000000 106.136253 0.000000 1.948448
1.000000 120.000000 -0.000000 -0.000000 106.136253 0.000000 1.948448
1.000000 120.000000 -0.000000 -0.000000 106.136253 0.000000 1.948448
1.000000 120.000000 -0.000000 -0.000000 106.136253 0.000000 1.948448
1.000000 120.000000 -0.000000 -0.000000 106.136253 0.000000 1.948448
1.000000 120.000000 -0.000000 -0.000000 106.136253 0.000000 1.948448
1.000000 120.000000 -0.000000 -0.000000 106.136253 0.000000 1.948448
1.000000 120.000000 -0.000000 -0.000000 106.136253 0.000000 1.948448
1.000000 120.000000 -0.000000 -0.000000 106.136253 0.000000 1.948448
1.000000 120.000000 -0.000000 -0.000000 106.136253 0.000000 1.948448
1.000000 120.000000 -0.000000 -0.000000 106.136253 0.000000 1.948448
1.000000 120.000000 -0.000000 -0.000000 106.136253 0.000000 1.948448
1.000000 120.000000 -0.000000 -0.000000 106.136253 0.000000 1.948448
1.000000 120.000000 -0.000000 -0.000000 106.136253 0.000000 1.948448
1.000000 120.000000 -0.000000 -0.000000 106.136253 0.000000 1.948448
1.000000 120.000000 -0.000000 -0.000000 106.136253 0.000000 1.948448
1.000000 120.000000 -0.000000 -0.000000 106.136253 0.000000 1.948448
1.000000 120.000000 -0.000000 -0.000000 106.136253 0.000000 1.948448
1.000000 120.000000 -0.000000 -0.000000 106.136253 0.000000 1.948448
1.000000 120.000000 -0.000000 -0.000000 106.136253 0.000000 1.948448
1.000000 120.000000 -0.000000 -0.000000 106.136253 0.000000 1.948448
1.000000 120.000000 -0.000000 -0.000000 106.136253 0.000000 1.948448
1.000000 120.000000 -0.000000 -0.000000 106.136253 0.000000 1.948448
1.000000 120.000000 -0.000000 -0.000000 106.136253 0.000000 1.948448
1.000000 120.000000 -0.000000 -0.000000 106.136253 0.000000 1.948448
1.000000 120.000000 -0.000000 -0.000000 106.136253 0.000000 1.948448
1.000000 120.000000 -0.000000 -0.000000 106.136253 0.000000 1.948448
1.000000 120.000000 -0.000000 -0.000000 106.136253 0.000000 1.948448
1.000000 120.000000 -0.000000 -0.000000 106.136253 0.000000 1.948448
1.000000 120.000000 -0.000000 -0.000000 106.136253 0.000000 1.948448
1.000000 120.000000 -0.000000 -0.000000 106.136253 0.000000 1.948448
1.000000 120.000000 -0.000000 -0.000000 106.136253 0.000000 1.948448
1.000000 120.000000 -0.000000 -0.000000 106.136253 0.000000 1.948448
1.000000 120.000000 -0.000000 -0.000000 106.136253 0.000000 1.948448
1.000000 120.000000 -0.000000 -0.000000 106.136253 0.000000 1.948448
1.000000 120.000000 -0.000000 -0.000000 106.136253 0.000000 1.948448
1.000000 120.000000 -0.000000 -0.000000 106.136253 0.000000 1.948448
1.000000 120.000000 -0.000000 -0.000000 106.136253 0.000000 1.948448
1.000000 120.000000 -0.000000 -0.000000 106.136253 0.000000 1.948448
1.000000 120.000000 -0.000000 -0.000000 106.136253 0.000000 1.948448
1.000000 120.000000 -0.000000 -0.000000 106.136253 0.000000 1.948448
1.000000 120.000000 -0.000000 -0.000000 106.136253 0.000000 1.948448
1.000000 120.000000 -0.000000 -0.000000 106.136253 0.000000 1.948448
1.000000 120.000000 -0.000000 -0.000000 106.136253 0.000000 1.948448
1.000000 120.000000 -0.000000 -0.000000 106.136253 0.000000 1.948448
1.000000 120.000000 -0.000000 -0.000000 106.136253 0.000000 1.948448
1.000000 120.000000 -0.000000 -0.000000 106.136253 0.000000 1.948448
1.000000 120.000000 -0.000000 -0.000000 106.136253 0.000000 1.948448
1.000000 120.000000 -0.000000 -0.000000 106.136253 0.000000 1.948448
1.000000 120.000000 -0.000000 -0.000000 106.136253 0.000000 1.948448
