# t mx my mz trailx traily trailz
0.002500 -109.350006 0.235615 -0.353015 -113.558105 -1.467643 1.742414
0.005000 -108.699997 0.471208 -0.704224 -112.923042 -1.231583 1.361295
0.007500 -108.050003 0.706761 -1.052057 -112.291801 -0.995431 0.975176
0.010000 -107.400002 0.942255 -1.394956 -111.664146 -0.759209 0.585473
0.012500 -106.750000 1.177655 -1.730053 -111.040398 -0.522936 0.193611
0.015000 -106.100006 1.412953 -2.056749 -110.419617 -0.286625 -0.198684
0.017500 -105.449997 1.648131 -2.373583 -109.801361 -0.050321 -0.590086
0.020000 -104.800003 1.883170 -2.679134 -109.185234 0.185989 -0.979337
0.022500 -104.150009 2.118021 -2.969703 -108.571091 0.422255 -1.363963
0.025000 -103.500000 2.352691 -3.245942 -107.957809 0.658457 -1.743444
0.027500 -102.850006 2.587160 -3.506615 -107.344765 0.894604 -2.116507
0.030000 -102.199997 2.821409 -3.750555 -106.731178 1.130647 -2.481807
0.032500 -101.550003 3.055378 -3.973521 -106.116547 1.366562 -2.835710
0.035000 -100.900009 3.289085 -4.177366 -105.499733 1.602352 -3.178636
0.037500 -100.250000 3.522512 -4.361179 -104.879929 1.837978 -3.509060
0.040000 -99.599998 3.755640 -4.524135 -104.256386 2.073437 -3.825397
0.042500 -98.949997 3.988394 -4.661793 -103.628456 2.308683 -4.122728
0.045000 -98.300003 4.220807 -4.777055 -102.995407 2.543702 -4.402206
0.047500 -97.649994 4.452859 -4.869411 -102.356750 2.778495 -4.662094
0.050000 -97.000008 4.684534 -4.938442 -101.712189 3.013041 -4.900639
0.052500 -96.349991 4.915742 -4.979857 -101.061539 3.247257 -5.112073
0.055000 -95.699997 5.146530 -4.997385 -100.404884 3.481200 -5.298582
0.057500 -95.049995 5.376879 -4.990948 -99.742409 3.714826 -5.458710
0.060000 -94.400002 5.606771 -4.960574 -99.074532 3.948123 -5.591184
0.062500 -93.750008 5.836103 -4.902459 -98.401871 4.181012 -5.690419
0.065000 -93.099998 6.064939 -4.820859 -97.725014 4.413525 -5.760043
0.067500 -92.449997 6.293255 -4.716142 -97.044739 4.645653 -5.799549
0.070000 -91.800003 6.521038 -4.588773 -96.361824 4.877380 -5.808690
0.072500 -91.150002 6.748171 -4.435743 -95.677345 5.108596 -5.782952
0.075000 -90.500000 6.974728 -4.261498 -94.991905 5.339375 -5.727241
0.077500 -89.850006 7.200689 -4.066815 -94.306267 5.569678 -5.642104
0.080000 -89.199997 7.426039 -3.852566 -93.621124 5.799502 -5.528284
0.082500 -88.550003 7.650650 -3.616775 -92.937637 6.028737 -5.382579
0.085000 -87.900009 7.874606 -3.363719 -92.255966 6.257446 -5.210454
0.087500 -87.250008 8.097890 -3.094533 -91.576599 6.485606 -5.013158
0.090000 -86.599998 8.320487 -2.810419 -90.899994 6.713215 -4.792012
0.092500 -85.950005 8.542255 -2.510590 -90.227165 6.940142 -4.545076
0.095000 -85.300003 8.763295 -2.198820 -89.557816 7.166467 -4.277565
0.097500 -84.650009 8.983586 -1.876505 -88.892220 7.392182 -3.991004
0.100000 -84.000008 9.203113 -1.545089 -88.230530 7.617246 -3.686979
0.102500 -83.350006 9.421723 -1.205032 -87.573631 7.841550 -3.364665
0.105000 -82.700012 9.639530 -0.859307 -86.920944 8.065183 -3.028451
0.107500 -82.050011 9.856514 -0.509460 -86.272476 8.288109 -2.679915
0.110000 -81.400009 10.072659 -0.157058 -85.628273 8.510331 -2.320595
0.112500 -80.750008 10.287801 0.196220 -84.988998 8.731696 -1.950758
0.115000 -80.100006 10.502066 0.548446 -84.353851 8.952311 -1.573602
0.117500 -79.450012 10.715434 0.898043 -83.722717 9.172163 -1.190568
0.120000 -78.800011 10.927891 1.243443 -83.095406 9.391229 -0.803076
0.122500 -78.150009 11.139259 1.581891 -82.472305 9.609346 -0.412379
0.125000 -77.500015 11.349678 1.912646 -81.852478 9.826656 -0.020354
0.127500 -76.850014 11.559129 2.234230 -81.235527 10.043115 0.371709
0.130000 -76.200012 11.767594 2.545200 -80.621040 10.258725 0.762557
0.132500 -75.550018 11.974891 2.841940 -80.008972 10.473309 1.149912
0.135000 -74.900017 12.181162 3.124958 -79.398186 10.686989 1.533137
0.137500 -74.250015 12.386396 3.392991 -78.788033 10.899761 1.910985
0.140000 -73.600021 12.590575 3.644837 -78.177773 11.111607 2.282188
0.142500 -72.950012 12.793503 3.876302 -77.566872 11.322348 2.643287
0.145000 -72.300018 12.995337 4.089108 -76.954163 11.532123 2.994612
0.147500 -71.650024 13.196062 4.282306 -76.338791 11.740911 3.334685
0.150000 -71.000015 13.395666 4.455028 -75.719902 11.948709 3.661946
0.152500 -70.350014 13.593933 4.602838 -75.096794 12.155306 3.971612
0.155000 -69.700020 13.791042 4.728533 -74.468613 12.360879 4.264708
0.157500 -69.050018 13.986976 4.831553 -73.834763 12.565404 4.539448
0.160000 -68.400024 14.181717 4.911434 -73.194817 12.768851 4.794014
0.162500 -67.750031 14.375049 4.963851 -72.548508 12.971051 5.022622
0.165000 -67.100021 14.567153 4.992454 -71.895729 13.172130 5.227222
0.167500 -66.450020 14.758014 4.997113 -71.236656 13.372096 5.406205
0.170000 -65.800026 14.947619 4.977810 -70.571609 13.570938 5.558126
0.172500 -65.150024 15.135736 4.930673 -69.901138 13.768421 5.677231
0.175000 -64.500031 15.322561 4.859910 -69.225883 13.964746 5.766905
0.177500 -63.850029 15.508080 4.765842 -68.546562 14.159882 5.826458
0.180000 -63.200024 15.692277 4.648887 -67.863998 14.353819 5.855472
0.182500 -62.550026 15.874913 4.505937 -67.179337 14.546339 5.849206
0.185000 -61.900032 16.056194 4.341429 -66.493225 14.737628 5.812461
0.187500 -61.250027 16.236109 4.156102 -65.806480 14.927664 5.745671
0.190000 -60.600033 16.414637 3.950785 -65.119896 15.116442 5.649463
0.192500 -59.950035 16.591534 3.723373 -64.434685 15.303729 5.520450
0.195000 -59.300030 16.767014 3.478184 -63.751060 15.489715 5.364136
0.197500 -58.650032 16.941063 3.216316 -63.069626 15.674389 5.181696
0.200000 -58.000031 17.113670 2.938939 -62.390854 15.857738 4.974447
0.202500 -57.350029 17.284575 2.645128 -61.715839 16.039524 4.740255
0.205000 -56.700031 17.454002 2.338729 -61.044334 16.219957 4.484456
0.207500 -56.050034 17.621946 2.021115 -60.376629 16.399025 4.208586
0.210000 -55.400032 17.788385 1.693705 -59.712944 16.576700 3.914203
0.212500 -54.750038 17.953053 1.356827 -59.054211 16.752735 3.600337
0.215000 -54.100037 18.116192 1.013550 -58.399830 16.927362 3.271529
0.217500 -53.450035 18.277784 0.665412 -57.749882 17.100554 2.929359
0.220000 -52.800034 18.437820 0.313971 -57.104401 17.272305 2.575381
0.222500 -52.150036 18.596022 -0.039224 -56.464142 17.442360 2.209672
0.225000 -51.500038 18.752636 -0.392119 -55.828281 17.610937 1.835622
0.227500 -50.850037 18.907652 -0.743133 -55.196709 17.778023 1.454677
0.230000 -50.200043 19.061054 -1.090696 -54.569290 17.943613 1.068240
0.232500 -49.550041 19.212563 -1.432160 -53.946457 18.107433 0.677390
0.235000 -48.900040 19.362431 -1.766649 -53.327244 18.269728 0.284171
0.237500 -48.250038 19.510649 -2.092664 -52.711296 18.430477 -0.110137
0.240000 -47.600040 19.657202 -2.408749 -52.098209 18.589676 -0.504316
0.242500 -46.950039 19.801800 -2.711364 -51.487984 18.747042 -0.896277
0.245000 -46.300041 19.944710 -3.000884 -50.879459 18.902826 -1.285247
0.247500 -45.650043 20.085920 -3.276013 -50.271965 19.057022 -1.670014
0.250000 -45.000042 20.225416 -3.535517 -49.664742 19.209602 -2.049343
0.252500 -44.350037 20.362902 -3.775254 -49.057270 19.360298 -2.419990
0.255000 -43.700039 20.498650 -3.996812 -48.448288 19.509357 -2.782143
0.257500 -43.050041 20.632648 -4.199204 -47.836872 19.656767 -3.134355
0.260000 -42.400040 20.764891 -4.381522 -47.222095 19.802526 -3.475081
0.262500 -41.750042 20.895063 -4.539340 -46.603161 19.946327 -3.799661
0.265000 -41.100040 21.023457 -4.675343 -45.979073 20.088448 -4.108942
0.267500 -40.450043 21.150057 -4.788926 -45.349125 20.228880 -4.401077
0.270000 -39.800041 21.274855 -4.879578 -44.712749 20.367609 -4.674148
0.272500 -39.150047 21.397533 -4.942945 -44.069576 20.504324 -4.922330
0.275000 -38.500046 21.518391 -4.982593 -43.419403 20.639313 -5.147302
0.277500 -37.850044 21.637411 -4.998346 -42.762302 20.772560 -5.347275
0.280000 -37.200043 21.754585 -4.990134 -42.098534 20.904053 -5.520598
0.282500 -36.550045 21.869596 -4.954019 -41.428635 21.033482 -5.661328
0.285000 -35.900047 21.982744 -4.894162 -40.753227 21.161152 -5.772594
0.287500 -35.250050 22.094015 -4.810836 -40.073078 21.287029 -5.853508
0.290000 -34.600044 22.203403 -4.704413 -39.389042 21.411102 -5.903477
0.292500 -33.950050 22.310585 -4.571682 -38.702332 21.533085 -5.917528
0.295000 -33.300049 22.415859 -4.417074 -38.013672 21.653233 -5.900365
0.297500 -32.650051 22.519222 -4.241286 -37.323978 21.771551 -5.852303
0.300000 -32.000053 22.620670 -4.045100 -36.634117 21.888050 -5.773889
0.302500 -31.350050 22.719864 -3.826295 -35.945374 22.002378 -5.661567
0.305000 -30.700050 22.817120 -3.589216 -35.258068 22.114843 -5.520864
0.307500 -30.050053 22.912432 -3.334924 -34.572849 22.225456 -5.352939
0.310000 -29.400055 23.005789 -3.064559 -33.890251 22.334183 -5.159094
0.312500 -28.750053 23.096857 -2.777055 -33.211433 22.440708 -4.937040
0.315000 -28.100056 23.185959 -2.476329 -32.536190 22.545343 -4.692256
0.317500 -27.450054 23.273079 -2.163730 -31.864822 22.648066 -4.426291
0.320000 -26.800056 23.358217 -1.840650 -31.197620 22.748882 -4.140684
0.322500 -26.150055 23.441031 -1.507280 -30.535530 22.847450 -3.834354
0.325000 -25.500057 23.521847 -1.166791 -29.877970 22.944086 -3.512015
0.327500 -24.850061 23.600655 -0.820704 -29.225040 23.038780 -3.175242
0.330000 -24.200060 23.677450 -0.470575 -28.576775 23.131527 -2.825644
0.332500 -23.550056 23.751890 -0.117811 -27.933968 23.221985 -2.463127
0.335000 -22.900059 23.824308 0.235406 -27.295811 23.310492 -2.091259
0.337500 -22.250061 23.894691 0.587491 -26.662180 23.397017 -1.711534
0.340000 -21.600061 23.963037 0.936874 -26.032949 23.481564 -1.325355
0.342500 -20.950064 24.029001 1.281018 -25.408634 23.563793 -0.933643
0.345000 -20.300060 24.092915 1.618907 -24.788208 23.644020 -0.538643
0.347500 -19.650063 24.154774 1.949035 -24.171356 23.722248 -0.141615
0.350000 -19.000061 24.214573 2.269922 -23.557661 23.798473 0.256184
0.352500 -18.350067 24.271963 2.578114 -22.947205 23.872339 0.652851
0.355000 -17.700062 24.327286 2.873849 -22.338757 23.944187 1.047445
0.357500 -17.050064 24.380533 3.155800 -21.731670 24.014004 1.438758
0.360000 -16.400064 24.431698 3.422709 -21.125181 24.081778 1.825578
0.362500 -15.750068 24.480434 3.670479 -20.518799 24.147171 2.204828
0.365000 -15.100068 24.527084 3.900569 -19.911173 24.210522 2.576537
0.367500 -14.450069 24.571642 4.111956 -19.301352 24.271812 2.939283
0.370000 -13.800065 24.614103 4.303691 -18.688358 24.331041 3.291531
0.372500 -13.150069 24.654118 4.471359 -18.071360 24.387863 3.628741
0.375000 -12.500070 24.692028 4.617537 -17.449245 24.442612 3.951604
0.377500 -11.850070 24.727835 4.741571 -16.821217 24.495291 4.258221
0.380000 -11.200074 24.761532 4.842905 -16.186628 24.545883 4.546618
0.382500 -10.550070 24.792767 4.917160 -15.544991 24.594046 4.810975
0.385000 -9.900071 24.821886 4.967813 -14.896044 24.640118 5.052744
0.387500 -9.250072 24.848888 4.994646 -14.239761 24.684088 5.270009
0.390000 -8.600076 24.873774 4.997533 -13.576358 24.725967 5.460963
0.392500 -7.950074 24.896183 4.972476 -12.906302 24.765387 5.619540
0.395000 -7.300076 24.916468 4.923585 -12.230221 24.802694 5.748647
0.397500 -6.650074 24.934631 4.851084 -11.548882 24.837902 5.847238
0.400000 -6.000077 24.950666 4.755295 -10.863178 24.870989 5.914566
0.402500 -5.350076 24.964220 4.632915 -10.174305 24.901606 5.945508
0.405000 -4.700078 24.975645 4.488361 -9.483087 24.930101 5.944644
0.407500 -4.050075 24.984940 4.322285 -8.790472 24.956472 5.912198
0.410000 -3.400079 24.992104 4.135426 -8.097397 24.980715 5.848632
0.412500 -2.750077 24.996782 3.925443 -7.405189 25.002480 5.750247
0.415000 -2.100080 24.999329 3.696707 -6.714233 25.022099 5.622602
0.417500 -1.450082 24.999743 3.450242 -6.025216 25.039591 5.466816
0.420000 -0.800080 24.998026 3.187152 -5.338723 25.054949 5.284168
0.422500 -0.150079 24.993820 2.906243 -4.655942 25.067799 5.072282
0.425000 0.499919 24.987488 2.611486 -3.976705 25.078527 4.836695
0.427500 1.149917 24.979021 2.304209 -3.301341 25.087109 4.578987
0.430000 1.799918 24.968424 1.985781 -2.630134 25.093540 4.300731
0.432500 2.449914 24.955347 1.656248 -1.964084 25.097486 4.000693
0.435000 3.099917 24.940140 1.318882 -1.302583 25.099279 3.683764
0.437500 3.749915 24.922802 0.975191 -0.645760 25.098913 3.351539
0.440000 4.399917 24.903343 0.626711 0.006349 25.096415 3.005634
0.442500 5.049912 24.881405 0.274730 0.652925 25.091410 2.645891
0.445000 5.699911 24.857346 -0.078459 1.294812 25.084255 2.276028
0.447500 6.349911 24.831167 -0.431268 1.932095 25.074955 1.897568
0.450000 6.999915 24.802872 -0.782124 2.564917 25.063517 1.511968
0.452500 7.649911 24.772106 -1.128608 3.192708 25.049564 1.120027
0.455000 8.299910 24.739231 -1.469568 3.816514 25.033472 0.724192
0.457500 8.949910 24.704247 -1.803481 4.436642 25.015234 0.325768
0.460000 9.599906 24.667152 -2.128853 5.053468 24.994852 -0.073976
0.462500 10.249908 24.627605 -2.442317 5.666897 24.971968 -0.473202
0.465000 10.899908 24.585960 -2.743975 6.278114 24.946953 -0.870823
0.467500 11.549908 24.542219 -3.032475 6.887762 24.919802 -1.265605
0.470000 12.199904 24.496382 -3.306519 7.496565 24.890501 -1.656288
0.472500 12.849907 24.448111 -3.562080 8.104965 24.858721 -2.039936
0.475000 13.499907 24.397753 -3.800477 8.714294 24.824802 -2.416442
0.477500 14.149907 24.345314 -4.020649 9.325488 24.788750 -2.784387
0.480000 14.799902 24.290800 -4.221611 9.939489 24.750572 -3.142257
0.482500 15.449903 24.233870 -4.398967 10.557132 24.709921 -3.485638
0.485000 16.099901 24.174873 -4.555173 11.179535 24.667149 -3.815130
0.487500 16.749905 24.113815 -4.689537 11.807522 24.622257 -4.128873
0.490000 17.399900 24.050701 -4.801451 12.441769 24.575247 -4.424914
0.492500 18.049904 23.985193 -4.886521 13.082807 24.525780 -4.697543
0.495000 18.699902 23.917641 -4.948133 13.730972 24.474195 -4.948103
0.497500 19.349895 23.848049 -4.986016 14.386359 24.420519 -5.174670
0.500000 19.999899 23.776424 -4.999999 15.048843 24.364746 -5.375401
0.502500 20.649904 23.702431 -4.986024 15.718019 24.306519 -5.544234
0.505000 21.299911 23.626421 -4.948148 16.393339 24.246216 -5.683950
0.507500 21.949905 23.548393 -4.886541 17.074062 24.183811 -5.793396
0.510000 22.599897 23.468357 -4.801480 17.759365 24.119331 -5.871751
0.512500 23.249907 23.385986 -4.689575 18.448133 24.052439 -5.913835
0.515000 23.899900 23.301624 -4.555216 19.139505 23.983480 -5.924053
0.517500 24.549906 23.215275 -4.399016 19.832565 23.912458 -5.902559
0.520000 25.199905 23.126944 -4.221668 20.526381 23.839373 -5.849738
0.522500 25.849897 23.036312 -4.020713 21.219627 23.763889 -5.761754
0.525000 26.499899 22.943716 -3.800545 21.911915 23.686371 -5.644145
0.527500 27.149900 22.849163 -3.562152 22.602528 23.606812 -5.497966
0.530000 27.799896 22.752663 -3.306598 23.290840 23.525219 -5.324412
0.532500 28.449903 22.653900 -3.032559 23.975731 23.441278 -5.121053
0.535000 29.099897 22.553204 -2.744063 24.657272 23.355295 -4.893422
0.537500 29.749891 22.450584 -2.442408 25.335140 23.267311 -4.643075
0.540000 30.399900 22.346050 -2.128947 26.009071 23.177332 -4.371619
0.542500 31.049894 22.239292 -1.803578 26.678032 23.085018 -4.077684
0.545000 31.699898 22.130644 -1.469668 27.342606 22.990730 -3.766245
0.547500 32.349899 22.020103 -1.128710 28.002680 22.894451 -3.438948
0.550000 32.999889 21.907684 -0.782227 28.658161 22.796196 -3.097382
0.552500 33.649887 21.793087 -0.431372 29.308300 22.695658 -2.741350
0.555000 34.299896 21.676632 -0.078563 29.953897 22.593168 -2.374703
0.557500 34.949890 21.558329 0.274623 30.594990 22.488735 -1.998961
0.560000 35.599895 21.438185 0.626606 31.231733 22.382359 -1.615647
0.562500 36.249893 21.315910 0.975088 31.863567 22.273741 -1.225528
0.565000 36.899895 21.191818 1.318783 32.491470 22.163198 -0.831151
0.567500 37.549896 21.065916 1.656150 33.115738 22.050747 -0.433914
0.570000 38.199890 20.938221 1.985680 33.736706 21.936398 -0.035117
0.572500 38.849888 20.808441 2.304117 34.354240 21.819853 0.363449
0.575000 39.499893 20.676889 2.611398 34.969486 21.701435 0.760529
0.577500 40.149887 20.543573 2.906157 35.583000 21.581141 1.154870
0.580000 40.799896 20.408504 3.187069 36.195477 21.458992 1.545179
0.582500 41.449890 20.271404 3.450170 36.807236 21.334679 1.928594
0.585000 42.099884 20.132578 3.696635 37.419563 21.208536 2.304903
0.587500 42.749886 19.992033 3.925379 38.033325 21.080568 2.672723
0.590000 43.399887 19.849783 4.135366 38.649399 20.950787 3.030545
0.592500 44.049881 19.705561 4.322232 39.268501 20.818905 3.374140
0.595000 44.699890 19.559656 4.488316 39.891769 20.685234 3.704072
0.597500 45.349884 19.412085 4.632874 40.519947 20.549772 4.018575
0.600000 45.999874 19.262857 4.755261 41.153732 20.412546 4.315799
0.602500 46.649887 19.111712 4.851060 41.793686 20.273281 4.590200
0.605000 47.299881 18.958939 4.923567 42.440166 20.132267 4.843152
0.607500 47.949886 18.804550 4.972464 43.093369 19.989532 5.072792
0.610000 48.599880 18.648558 4.997529 43.753227 19.845074 5.277341
0.612500 49.249878 18.490707 4.994652 44.419468 19.698612 5.450849
0.615000 49.899879 18.331282 4.967825 45.091660 19.550467 5.595993
0.617500 50.549877 18.170292 4.917177 45.769180 19.400640 5.711631
0.620000 51.199871 18.007753 4.842931 46.451294 19.249144 5.796855
0.622500 51.849880 17.843424 4.741605 47.137020 19.095734 5.846447
0.625000 52.499878 17.677574 4.617578 47.825558 18.940674 5.864703
0.627500 53.149872 17.510216 4.471405 48.516033 18.783991 5.851637
0.630000 53.799877 17.341364 4.303743 49.207588 18.625683 5.807545
0.632500 54.449871 17.170786 4.112019 49.898979 18.465527 5.728502
0.635000 55.099876 16.998745 3.900636 50.589767 18.303778 5.619881
0.637500 55.749874 16.825253 3.670546 51.279247 18.140457 5.482655
0.640000 56.399872 16.650333 3.422785 51.966827 17.975599 5.317982
0.642500 57.049866 16.473747 3.155884 52.651363 17.808916 5.123245
0.645000 57.699875 16.295761 2.873933 53.332966 17.640724 4.904000
0.647500 58.349869 16.116385 2.578206 54.011211 17.471004 4.661726
0.649999 58.999874 15.935633 2.270012 54.685829 17.299799 4.397933
0.652499 59.649872 15.753296 1.949134 55.355862 17.126863 4.111263
0.654999 60.299866 15.569619 1.619008 56.021782 16.952463 3.806640
0.657499 60.949867 15.384615 1.281118 56.683487 16.776623 3.485728
0.659999 61.599869 15.198294 0.936981 57.340874 16.599331 3.150134
0.662499 62.249863 15.010464 0.587596 57.993160 16.420374 2.799529
0.664999 62.899872 14.821352 0.235510 58.641132 16.240030 2.437892
0.667499 63.549862 14.630977 -0.117706 59.284782 16.058279 2.066761
0.669999 64.199860 14.439353 -0.470466 59.924255 15.875169 1.687690
0.672499 64.849869 14.246299 -0.820604 60.559006 15.690497 1.301375
0.674999 65.499863 14.052025 -1.166687 61.189919 15.504461 0.910519
0.677499 66.149872 13.856553 -1.507182 61.817257 15.317100 0.516491
0.679999 66.799866 13.659898 -1.840553 62.441322 15.128428 0.120702
0.682499 67.449860 13.461884 -2.163632 63.061924 14.938250 -0.275151
0.684999 68.099854 13.262725 -2.476239 63.680138 14.746806 -0.669687
0.687499 68.749863 13.062436 -2.776964 64.296501 14.554115 -1.061597
0.689999 69.399857 12.861032 -3.064476 64.911552 14.360168 -1.449636
0.692499 70.049866 12.658345 -3.334845 65.525620 14.164804 -1.830929
0.694999 70.699860 12.454581 -3.589141 66.139832 13.968217 -2.205283
0.697499 71.349861 12.249755 -3.826226 66.755013 13.770452 -2.571301
0.699999 71.999863 12.043884 -4.045040 67.371956 13.571524 -2.927559
0.702499 72.649857 11.836815 -4.241231 67.991302 13.371228 -3.269934
0.704999 73.299858 11.628740 -4.417025 68.614143 13.169821 -3.599027
0.707499 73.949860 11.419670 -4.571639 69.241219 12.967284 -3.913173
0.709999 74.599846 11.209625 -4.704373 69.873192 12.763624 -4.210619
0.712499 75.249863 10.998466 -4.810810 70.510651 12.558726 -4.486039
0.714999 75.899857 10.786369 -4.894141 71.154022 12.352755 -4.740801
0.717499 76.549850 10.573353 -4.954003 71.803558 12.145732 -4.973143
0.719999 77.199852 10.359439 -4.990126 72.459335 11.937700 -5.181345
0.722499 77.849854 10.144489 -4.998348 73.121162 11.728476 -5.359559
0.724999 78.499855 9.928675 -4.982601 73.788734 11.518250 -5.510396
0.727499 79.149857 9.712014 -4.942958 74.461555 11.307051 -5.632662
0.729999 79.799850 9.494525 -4.879599 75.139008 11.094894 -5.725414
0.732499 80.449844 9.276091 -4.788958 75.820229 10.881642 -5.783371
0.734999 81.099854 9.056866 -4.675380 76.504532 10.667484 -5.810674
0.737499 81.749847 8.836874 -4.539384 77.191055 10.452427 -5.807218
0.739999 82.399849 8.616123 -4.381569 77.879013 10.236478 -5.773152
0.742499 83.049850 8.394515 -4.199263 78.567253 10.019524 -5.704479
0.744999 83.699844 8.172192 -3.996876 79.255280 9.801710 -5.606376
0.747499 84.349846 7.949172 -3.775322 79.942436 9.583090 -5.479740
0.749999 84.999847 7.725473 -3.535595 80.628098 9.363663 -5.325595
0.752499 85.649841 7.501008 -3.276093 81.311150 9.143312 -5.141192
0.754999 86.299850 7.275906 -3.000968 81.991646 8.922213 -4.932039
0.757499 86.949844 7.050180 -2.711452 82.669136 8.700338 -4.699538
0.759999 87.599838 6.823851 -2.408845 83.343315 8.477733 -4.445179
0.762499 88.249847 6.596843 -2.092759 84.013268 8.254316 -4.167407
0.764999 88.899841 6.369274 -1.766750 84.679367 8.030199 -3.871258
0.767499 89.549850 6.141163 -1.432261 85.341499 7.805418 -3.558297
0.769999 90.199844 5.912532 -1.090801 85.999519 7.579993 -3.230153
0.772499 90.849838 5.683306 -0.743242 86.652657 7.353804 -2.886396
0.774999 91.499840 5.453596 -0.392225 87.301620 7.127011 -2.531070
0.777499 92.149841 5.223423 -0.039335 87.946419 6.899628 -2.165739
0.779999 92.799835 4.992803 0.313866 88.587097 6.671663 -1.791911
0.782499 93.449844 4.761686 0.665305 89.223152 6.443071 -1.410272
0.784999 94.099838 4.530168 1.013447 89.855370 6.213937 -1.023558
0.787499 94.749832 4.298263 1.356721 90.483986 5.984283 -0.633227
0.789999 95.399841 4.065986 1.693608 91.109291 5.754141 -0.240641
0.792499 96.049828 3.833306 2.021017 91.731003 5.523423 0.152518
0.794999 96.699829 3.600300 2.338634 92.350174 5.292260 0.544826
0.797499 97.349838 3.366987 2.645036 92.967262 5.060680 0.934946
0.799999 97.999832 3.133385 2.938848 93.582748 4.828661 1.321633
0.802499 98.649826 2.899478 3.216236 94.196884 4.596199 1.702164
0.804999 99.299835 2.665319 3.478106 94.810806 4.363358 2.076212
0.807499 99.949821 2.430933 3.723301 95.425201 4.130139 2.442474
0.809999 100.599831 2.196337 3.950715 96.040901 3.896608 2.799539
0.812499 101.249832 1.961525 4.156045 96.658455 3.662706 3.143492
0.814999 101.899834 1.726545 4.341375 97.278954 3.428500 3.474879
0.817499 102.549835 1.491423 4.505890 97.903160 3.194043 3.792126
0.819999 103.199829 1.256169 4.648845 98.531746 2.959297 4.093557
0.822499 103.849823 1.020789 4.765810 99.165321 2.724287 4.373998
0.824999 104.499832 0.785323 4.859884 99.804451 2.489066 4.634796
0.827499 105.149818 0.549790 4.930652 100.449425 2.253638 4.874207
0.829999 105.799835 0.314210 4.977798 101.100449 2.018056 5.090542
0.832499 106.449829 0.078599 4.997113 101.757431 1.782280 5.277984
0.834999 107.099823 -0.157014 4.992457 102.420181 1.546372 5.439010
0.837499 107.749825 -0.392619 4.963862 103.088318 1.310351 5.572371
0.839999 108.399818 -0.628190 4.911451 103.761314 1.074222 5.676997
0.842499 109.049820 -0.863700 4.831581 104.438400 0.838007 5.747536
0.844999 109.699829 -1.099135 4.728567 105.118919 0.601754 5.787930
0.847499 110.349823 -1.334476 4.602878 105.802071 0.365448 5.797943
0.849999 110.999817 -1.569699 4.455075 106.487076 0.129149 5.777598
0.852499 111.649826 -1.804771 4.282361 107.172829 -0.107147 5.722690
0.854999 112.299820 -2.039688 4.089170 107.858780 -0.343431 5.638333
0.857499 112.949829 -2.274431 3.876368 108.544273 -0.579665 5.525265
0.859999 113.599823 -2.508981 3.644909 109.228622 -0.815834 5.384410
0.862499 114.249817 -2.743282 3.393072 109.910736 -1.051914 5.212873
0.864999 114.899811 -2.977345 3.125041 110.590576 -1.287876 5.016122
0.867499 115.549812 -3.211154 2.842025 111.267700 -1.523701 4.795496
0.869999 116.199806 -3.444693 2.545291 111.941734 -1.759404 4.552433
0.872499 116.849815 -3.677890 2.234327 112.611740 -1.994907 4.285249
0.874999 117.499817 -3.910771 1.912744 113.278053 -2.230216 3.998991
0.877499 118.149811 -4.143320 1.581994 113.940468 -2.465337 3.695247
0.879999 118.799812 -4.375514 1.243544 114.598885 -2.700210 3.375582
0.882499 119.449814 -4.607271 0.898149 115.252487 -2.934801 3.039484
0.884999 120.099808 -4.838637 0.548554 115.901886 -3.169144 2.691039
0.887499 120.749817 -5.069591 0.196328 116.547127 -3.403193 2.331858
0.889999 121.399803 -5.300114 -0.156947 117.188164 -3.636958 1.963435
0.892499 122.049805 -5.530109 -0.509355 117.824478 -3.870323 1.586295
0.894999 122.699814 -5.759633 -0.859197 118.456871 -4.103342 1.203361
0.897499 123.349808 -5.988660 -1.204927 119.085480 -4.335998 0.816021
0.899999 123.999817 -6.217181 -1.544983 119.710587 -4.568273 0.425694
0.902499 124.649811 -6.445085 -1.876410 120.331841 -4.800088 0.033851
0.904999 125.299805 -6.672438 -2.198722 120.950256 -5.031494 -0.357871
0.907499 125.949806 -6.899222 -2.510497 121.566269 -5.262446 -0.748231
0.909999 126.599808 -7.125419 -2.810329 122.180374 -5.492937 -1.135939
0.912499 127.249802 -7.350907 -3.094447 122.792686 -5.722876 -1.518484
0.914999 127.899811 -7.575764 -3.363640 123.404396 -5.952294 -1.895438
0.917499 128.549805 -7.799975 -3.616697 124.016159 -6.181212 -2.265525
0.919999 129.199799 -8.023524 -3.852498 124.628754 -6.409593 -2.627429
0.922499 129.849808 -8.246278 -4.066752 125.242805 -6.637329 -2.977341
0.924999 130.499802 -8.468325 -4.261440 125.859383 -6.864483 -3.315807
0.927499 131.149811 -8.689650 -4.435692 126.479332 -7.091043 -3.641266
0.929999 131.799805 -8.910234 -4.588726 127.103394 -7.316994 -3.952091
0.932499 132.449799 -9.129929 -4.716107 127.732224 -7.542202 -4.243241
0.934999 133.099792 -9.348848 -4.820830 128.366501 -7.766764 -4.515925
0.937499 133.749802 -9.566971 -4.902437 129.006668 -7.990657 -4.768389
0.939999 134.399796 -9.784278 -4.960557 129.652969 -8.213864 -4.998863
0.942499 135.049805 -10.000612 -4.990943 130.305496 -8.436245 -5.201528
0.944999 135.699799 -10.216093 -4.997387 130.964111 -8.657912 -5.378661
0.947499 136.349792 -10.430697 -4.979865 131.628540 -8.878811 -5.528845
0.949999 136.999786 -10.644417 -4.938457 132.298294 -9.098954 -5.650898
0.952499 137.649796 -10.857080 -4.869438 132.972687 -9.318205 -5.739255
0.954999 138.299805 -11.068813 -4.777088 133.651062 -9.536642 -5.797690
0.957499 138.949799 -11.279605 -4.661833 134.332596 -9.754269 -5.825789
0.959999 139.599777 -11.489433 -4.524180 135.016479 -9.971074 -5.823400
0.962499 140.249802 -11.698121 -4.361237 135.701645 -10.186855 -5.786158
0.964999 140.899796 -11.905806 -4.177427 136.387436 -10.401770 -5.719028
0.967499 141.549789 -12.112479 -3.973590 137.073135 -10.615806 -5.622676
0.969999 142.199799 -12.318120 -3.750626 137.758026 -10.828945 -5.497907
0.972499 142.849792 -12.522536 -3.506699 138.440948 -11.040998 -5.341689
0.974999 143.499786 -12.725883 -3.246029 139.121796 -11.252118 -5.159446
0.977499 144.149780 -12.928146 -2.969795 139.800064 -11.462273 -4.952527
0.979999 144.799789 -13.129302 -2.679233 140.475388 -11.671429 -4.722298
0.982499 145.449783 -13.329157 -2.373683 141.146667 -11.879448 -4.466904
0.984999 146.099792 -13.527873 -2.056858 141.814301 -12.086454 -4.191529
0.987499 146.749786 -13.725436 -1.730162 142.477997 -12.292435 -3.897720
0.989999 147.399780 -13.921830 -1.395068 143.137604 -12.497368 -3.587051
0.992499 148.049774 -14.116838 -1.052168 143.791718 -12.696507 -3.254801
0.994999 148.699783 -14.310640 -0.704341 144.444534 -12.894455 -2.915061
0.997499 149.349777 -14.503222 -0.353130 145.095963 -13.091237 -2.569302
0.999999 149.999771 -14.694571 -0.000118 144.999771 -14.694571 -0.000118
1.000000 150.000000 -14.694634 0.000000 145.000000 -14.694634 0.000000
1.000000 150.000000 -14.694634 0.000000 145.000000 -14.694634 0.000000
1.000000 150.000000 -14.694634 0.000000 145.000000 -14.694634 0.000000
1.000000 150.000000 -14.694634 0.000000 145.000000 -14.694634 0.000000
1.000000 150.000000 -14.694634 0.000000 145.000000 -14.694634 0.000000
1.000000 150.000000 -14.694634 0.000000 145.000000 -14.694634 0.000000
1.000000 150.000000 -14.694634 0.000000 145.000000 -14.694634 0.000000
1.000000 150.000000 -14.694634 0.000000 145.000000 -14.694634 0.000000
1.000000 150.000000 -14.694634 0.000000 145.000000 -14.694634 0.000000
1.000000 150.000000 -14.694634 0.000000 145.000000 -14.694634 0.000000
1.000000 150.000000 -14.694634 0.000000 145.000000 -14.694634 0.000000
1.000000 150.000000 -14.694634 0.000000 145.000000 -14.694634 0.000000
1.000000 150.000000 -14.694634 0.000000 145.000000 -14.694634 0.000000
1.000000 150.000000 -14.694634 0.000000 145.000000 -14.694634 0.000000
1.000000 150.000000 -14.694634 0.000000 145.000000 -14.694634 0.000000
1.000000 150.000000 -14.694634 0.000000 145.000000 -14.694634 0.000000
1.000000 150.000000 -14.694634 0.000000 145.000000 -14.694634 0.000000
1.000000 150.000000 -14.694634 0.000000 145.000000 -14.694634 0.000000
1.000000 150.000000 -14.694634 0.000000 145.000000 -14.694634 0.000000
1.000000 150.000000 -14.694634 0.000000 145.000000 -14.694634 0.000000
1.000000 150.000000 -14.694634 0.000000 145.000000 -14.694634 0.000000
1.000000 150.000000 -14.694634 0.000000 145.000000 -14.694634 0.000000
1.000000 150.000000 -14.694634 0.000000 145.000000 -14.694634 0.000000
1.000000 150.000000 -14.694634 0.000000 145.000000 -14.694634 0.000000
1.000000 150.000000 -14.694634 0.000000 145.000000 -14.694634 0.000000
1.000000 150.000000 -14.694634 0.000000 145.000000 -14.694634 0.000000
1.000000 150.000000 -14.694634 0.000000 145.000000 -14.694634 0.000000
1.000000 150.000000 -14.694634 0.000000 145.000000 -14.694634 0.000000
1.000000 150.000000 -14.694634 0.000000 145.000000 -14.694634 0.000000
1.000000 150.000000 -14.694634 0.000000 145.000000 -14.694634 0.000000
1.000000 150.000000 -14.694634 0.000000 145.000000 -14.694634 0.000000
1.000000 150.000000 -14.694634 0.000000 145.000000 -14.694634 0.000000
1.000000 150.000000 -14.694634 0.000000 145.000000 -14.694634 0.000000
1.000000 150.000000 -14.694634 0.000000 145.000000 -14.694634 0.000000
1.000000 150.000000 -14.694634 0.000000 145.000000 -14.694634 0.000000
1.000000 150.000000 -14.694634 0.000000 145.000000 -14.694634 0.000000
1.000000 150.000000 -14.694634 0.000000 145.000000 -14.694634 0.000000
1.000000 150.000000 -14.694634 0.000000 145.000000 -14.694634 0.000000
1.000000 150.000000 -14.694634 0.000000 145.000000 -14.694634 0.000000
1.000000 150.000000 -14.694634 0.000000 145.000000 -14.694634 0.000000
1.000000 150.000000 -14.694634 0.000000 145.000000 -14.694634 0.000000
1.000000 150.000000 -14.694634 0.000000 145.000000 -14.694634 0.000000
1.000000 150.000000 -14.694634 0.000000 145.000000 -14.694634 0.000000
1.000000 150.000000 -14.694634 0.000000 145.000000 -14.694634 0.000000
1.000000 150.000000 -14.694634 0.000000 145.000000 -14.694634 0.000000
1.000000 150.000000 -14.694634 0.000000 145.000000 -14.694634 0.000000
1.000000 150.000000 -14.694634 0.000000 145.000000 -14.694634 0.000000
1.000000 150.000000 -14.694634 0.000000 145.000000 -14.694634 0.000000
1.000000 150.000000 -14.694634 0.000000 145.000000 -14.694634 0.000000
1.000000 150.000000 -14.694634 0.000000 145.000000 -14.694634 0.000000
1.000000 150.000000 -14.694634 0.000000 145.000000 -14.694634 0.000000
1.000000 150.000000 -14.694634 0.000000 145.000000 -14.694634 0.000000
1.000000 150.000000 -14.694634 0.000000 145.000000 -14.694634 0.000000
1.000000 150.000000 -14.694634 0.000000 145.000000 -14.694634 0.000000
1.000000 150.000000 -14.694634 0.000000 145.000000 -14.694634 0.000000
1.000000 150.000000 -14.694634 0.000000 145.000000 -14.694634 0.000000
1.000000 150.000000 -14.694634 0.000000 145.000000 -14.694634 0.000000
1.000000 150.000000 -14.694634 0.000000 145.000000 -14.694634 0.000000
1.000000 150.000000 -14.694634 0.000000 145.000000 -14.694634 0.000000
1.000000 150.000000 -14.694634 0.000000 145.000000 -14.694634 0.000000
1.000000 150.000000 -14.694634 0.000000 145.000000 -14.694634 0.000000
1.000000 150.000000 -14.694634 0.000000 145.000000 -14.694634 0.000000
1.000000 150.000000 -14.694634 0.000000 145.000000 -14.694634 0.000000
1.000000 150.000000 -14.694634 0.000000 145.000000 -14.694634 0.000000
1.000000 150.000000 -14.694634 0.000000 145.000000 -14.694634 0.000000
1.000000 150.000000 -14.694634 0.000000 145.000000 -14.694634 0.000000
1.000000 150.000000 -14.694634 0.000000 145.000000 -14.694634 0.000000
1.000000 150.000000 -14.694634 0.000000 145.000000 -14.694634 0.000000
1.000000 150.000000 -14.694634 0.000000 145.000000 -14.694634 0.000000
1.000000 150.000000 -14.694634 0.000000 145.000000 -14.694634 0.000000
1.000000 150.000000 -14.694634 0.000000 145.000000 -14.694634 0.000000
1.000000 150.000000 -14.694634 0.000000 145.000000 -14.694634 0.000000
1.000000 150.000000 -14.694634 0.000000 145.000000 -14.694634 0.000000
1.000000 150.000000 -14.694634 0.000000 145.000000 -14.694634 0.000000
1.000000 150.000000 -14.694634 0.000000 145.000000 -14.694634 0.000000
1.000000 150.000000 -14.694634 0.000000 145.000000 -14.694634 0.000000
1.000000 150.000000 -14.694634 0.000000 145.000000 -14.694634 0.000000
1.000000 150.000000 -14.694634 0.000000 145.000000 -14.694634 0.000000
1.000000 150.000000 -14.694634 0.000000 145.000000 -14.694634 0.000000
1.000000 150.000000 -14.694634 0.000000 145.000000 -14.694634 0.000000
1.000000 150.000000 -14.694634 0.000000 145.000000 -14.694634 0.000000
1.000000 150.000000 -14.694634 0.000000 145.000000 -14.694634 0.000000
1.000000 150.000000 -14.694634 0.000000 145.000000 -14.694634 0.000000
1.000000 150.000000 -14.694634 0.000000 145.000000 -14.694634 0.000000
1.000000 150.000000 -14.694634 0.000000 145.000000 -14.694634 0.000000
1.000000 150.000000 -14.694634 0.000000 145.000000 -14.694634 0.000000
1.000000 150.000000 -14.694634 0.000000 145.000000 -14.694634 0.000000
1.000000 150.000000 -14.694634 0.000000 145.000000 -14.694634 0.000000
1.000000 150.000000 -14.694634 0.000000 145.000000 -14.694634 0.000000
1.000000 150.000000 -14.694634 0.000000 145.000000 -14.694634 0.000000
1.000000 150.000000 -14.694634 0.000000 145.000000 -14.694634 0.000000
1.000000 150.000000 -14.694634 0.000000 145.000000 -14.694634 0.000000
1.000000 150.000000 -14.694634 0.000000 145.000000 -14.694634 0.000000
1.000000 150.000000 -14.694634 0.000000 145.000000 -14.694634 0.000000
1.000000 150.000000 -14.694634 0.000000 145.000000 -14.694634 0.000000
1.000000 150.000000 -14.694634 0.000000 145.000000 -14.694634 0.000000
1.000000 150.000000 -14.694634 0.000000 145.000000 -14.694634 0.000000
1.000000 150.000000 -14.694634 0.000000 145.000000 -14.694634 0.000000
1.000000 150.000000 -14.694634 0.000000 145.000000 -14.694634 0.000000
1.000000 150.000000 -14.694634 0.000000 145.000000 -14.694634 0.000000
1.000000 150.000000 -14.694634 0.000000 145.000000 -14.694634 0.000000
1.000000 150.000000 -14.694634 0.000000 145.000000 -14.694634 0.000000
1.000000 150.000000 -14.694634 0.000000 145.000000 -14.694634 0.000000
1.000000 150.000000 -14.694634 0.000000 145.000000 -14.694634 0.000000
1.000000 150.000000 -14.694634 0.000000 145.000000 -14.694634 0.000000
1.000000 150.000000 -14.694634 0.000000 145.000000 -14.694634 0.000000
1.000000 150.000000 -14.694634 0.000000 145.000000 -14.694634 0.000000
1.000000 150.000000 -14.694634 0.000000 145.000000 -14.694634 0.000000
1.000000 150.000000 -14.694634 0.000000 145.000000 -14.694634 0.000000
1.000000 150.000000 -14.694634 0.000000 145.000000 -14.694634 0.000000
1.000000 150.000000 -14.694634 0.000000 145.000000 -14.694634 0.000000
1.000000 150.000000 -14.694634 0.000000 145.000000 -14.694634 0.000000
1.000000 150.000000 -14.694634 0.000000 145.000000 -14.694634 0.000000
1.000000 150.000000 -14.694634 0.000000 145.000000 -14.694634 0.000000
1.000000 150.000000 -14.694634 0.000000 145.000000 -14.694634 0.000000
1.000000 150.000000 -14.694634 0.000000 145.000000 -14.694634 0.000000
1.000000 150.000000 -14.694634 0.000000 145.000000 -14.694634 0.000000
1.000000 150.000000 -14.694634 0.000000 145.000000 -14.694634 0.000000
1.000000 150.000000 -14.694634 0.000000 145.000000 -14.694634 0.000000
1.000000 150.000000 -14.694634 0.000000 145.000000 -14.694634 0.000000
1.000000 150.000000 -14.694634 0.000000 145.000000 -14.694634 0.000000
1.000000 150.000000 -14.694634 0.000000 145.000000 -14.694634 0.000000
1.000000 150.000000 -14.694634 0.000000 145.000000 -14.694634 0.000000
1.000000 150.000000 -14.694634 0.000000 145.000000 -14.694634 0.000000
1.000000 150.000000 -14.694634 0.000000 145.000000 -14.694634 0.000000
1.000000 150.000000 -14.694634 0.000000 145.000000 -14.694634 0.000000
1.000000 150.000000 -14.694634 0.000000 145.000000 -14.694634 0.000000
1.000000 150.000000 -14.694634 0.000000 145.000000 -14.694634 0.000000
1.000000 150.000000 -14.694634 0.000000 145.000000 -14.694634 0.000000
1.000000 150.000000 -14.694634 0.000000 145.000000 -14.694634 0.000000
1.000000 150.000000 -14.694634 0.000000 145.000000 -14.694634 0.000000
1.000000 150.000000 -14.694634 0.000000 145.000000 -14.694634 0.000000
1.000000 150.000000 -14.694634 0.000000 145.000000 -14.694634 0.000000
1.000000 150.000000 -14.694634 0.000000 145.000000 -14.694634 0.000000
1.000000 150.000000 -14.694634 0.000000 145.000000 -14.694634 0.000000
1.000000 150.000000 -14.694634 0.000000 145.000000 -14.694634 0.000000
1.000000 150.000000 -14.694634 0.000000 145.000000 -14.694634 0.000000
1.000000 150.000000 -14.694634 0.000000 145.000000 -14.694634 0.000000
1.000000 150.000000 -14.694634 0.000000 145.000000 -14.694634 0.000000
1.000000 150.000000 -14.694634 0.000000 145.000000 -14.694634 0.000000
1.000000 150.000000 -14.694634 0.000000 145.000000 -14.694634 0.000000
1.000000 150.000000 -14.694634 0.000000 145.000000 -14.694634 0.000000
1.000000 150.000000 -14.694634 0.000000 145.000000 -14.694634 0.000000
1.000000 150.000000 -14.694634 0.000000 145.000000 -14.694634 0.000000
1.000000 150.000000 -14.694634 0.000000 145.000000 -14.694634 0.000000
1.000000 150.000000 -14.694634 0.000000 145.000000 -14.694634 0.000000
1.000000 150.000000 -14.694634 0.000000 145.000000 -14.694634 0.000000
1.000000 150.000000 -14.694634 0.000000 145.000000 -14.694634 0.000000
1.000000 150.000000 -14.694634 0.000000 145.000000 -14.694634 0.000000
1.000000 150.000000 -14.694634 0.000000 145.000000 -14.694634 0.000000
1.000000 150.000000 -14.694634 0.000000 145.000000 -14.694634 0.000000
1.000000 150.000000 -14.694634 0.000000 145.000000 -14.694634 0.000000
1.000000 150.000000 -14.694634 0.000000 145.000000 -14.694634 0.000000
1.000000 150.000000 -14.694634 0.000000 145.000000 -14.694634 0.000000
1.000000 150.000000 -14.694634 0.000000 145.000000 -14.694634 0.000000
1.000000 150.000000 -14.694634 0.000000 145.000000 -14.694634 0.000000
1.000000 150.000000 -14.694634 0.000000 145.000000 -14.694634 0.000000
1.000000 150.000000 -14.694634 0.000000 145.000000 -14.694634 0.000000
1.000000 150.000000 -14.694634 0.000000 145.000000 -14.694634 0.000000
1.000000 150.000000 -14.694634 0.000000 145.000000 -14.694634 0.000000
1.000000 150.000000 -14.694634 0.000000 145.000000 -14.694634 0.000000
1.000000 150.000000 -14.694634 0.000000 145.000000 -14.694634 0.000000
1.000000 150.000000 -14.694634 0.000000 145.000000 -14.694634 0.000000
1.000000 150.000000 -14.694634 0.000000 145.000000 -14.694634 0.000000
1.000000 150.000000 -14.694634 0.000000 145.000000 -14.694634 0.000000
1.000000 150.000000 -14.694634 0.000000 145.000000 -14.694634 0.000000
1.000000 150.000000 -14.694634 0.000000 145.000000 -14.694634 0.000000
1.000000 150.000000 -14.694634 0.000000 145.000000 -14.694634 0.000000
1.000000 150.000000 -14.694634 0.000000 145.000000 -14.694634 0.000000
1.000000 150.000000 -14.694634 0.000000 145.000000 -14.694634 0.000000
1.000000 150.000000 -14.694634 0.000000 145.000000 -14.694634 0.000000
1.000000 150.000000 -14.694634 0.000000 145.000000 -14.694634 0.000000
1.000000 150.000000 -14.694634 0.000000 145.000000 -14.694634 0.000000
1.000000 150.000000 -14.694634 0.000000 145.000000 -14.694634 0.000000
1.000000 150.000000 -14.694634 0.000000 145.000000 -14.694634 0.000000
1.000000 150.000000 -14.694634 0.000000 145.000000 -14.694634 0.000000
1.000000 150.000000 -14.694634 0.000000 145.000000 -14.694634 0.000000
1.000000 150.000000 -14.694634 0.000000 145.000000 -14.694634 0.000000
1.000000 150.000000 -14.694634 0.000000 145.000000 -14.694634 0.000000
1.000000 150.000000 -14.694634 0.000000 145.000000 -14.694634 0.000000
1.000000 150.000000 -14.694634 0.000000 145.000000 -14.694634 0.000000
1.000000 150.000000 -14.694634 0.000000 145.000000 -14.694634 0.000000
1.000000 150.000000 -14.694634 0.000000 145.000000 -14.694634 0.000000
1.000000 150.000000 -14.694634 0.000000 145.000000 -14.694634 0.000000
1.000000 150.000000 -14.694634 0.000000 145.000000 -14.694634 0.000000
1.000000 150.000000 -14.694634 0.000000 145.000000 -14.694634 0.000000
1.000000 150.000000 -14.694634 0.000000 145.000000 -14.694634 0.000000
1.000000 150.000000 -14.694634 0.000000 145.000000 -14.694634 0.000000
1.000000 150.000000 -14.694634 0.000000 145.000000 -14.694634 0.000000
1.000000 150.000000 -14.694634 0.000000 145.000000 -14.694634 0.000000
1.000000 150.000000 -14.694634 0.000000 145.000000 -14.694634 0.000000
1.000000 150.000000 -14.694634 0.000000 145.000000 -14.694634 0.000000
1.000000 150.000000 -14.694634 0.000000 145.000000 -14.694634 0.000000
1.000000 150.000000 -14.694634 0.000000 145.000000 -14.694634 0.000000
1.000000 150.000000 -14.694634 0.000000 145.000000 -14.694634 0.000000
1.000000 150.000000 -14.694634 0.000000 145.000000 -14.694634 0.000000
1.000000 150.000000 -14.694634 0.000000 145.000000 -14.694634 0.000000
1.000000 150.000000 -14.694634 0.000000 145.000000 -14.694634 0.000000
1.000000 150.000000 -14.694634 0.000000 145.000000 -14.694634 0.000000
1.000000 150.000000 -14.694634 0.000000 145.000000 -14.694634 0.000000
1.000000 150.000000 -14.694634 0.000000 145.000000 -14.694634 0.000000
1.000000 150.000000 -14.694634 0.000000 145.000000 -14.694634 0.000000
1.000000 150.000000 -14.694634 0.000000 145.000000 -14.694634 0.000000
1.000000 150.000000 -14.694634 0.000000 145.000000 -14.694634 0.000000
1.000000 150.000000 -14.694634 0.000000 145.000000 -14.694634 0.000000
1.000000 150.000000 -14.694634 0.000000 145.000000 -14.694634 0.000000
1.000000 150.000000 -14.694634 0.000000 145.000000 -14.694634 0.000000
1.000000 150.000000 -14.694634 0.000000 145.000000 -14.694634 0.000000
1.000000 150.000000 -14.694634 0.000000 145.000000 -14.694634 0.000000
1.000000 150.000000 -14.694634 0.000000 145.000000 -14.694634 0.000000
1.000000 150.000000 -14.694634 0.000000 145.000000 -14.694634 0.000000
1.000000 150.000000 -14.694634 0.000000 145.000000 -14.694634 0.000000
1.000000 150.000000 -14.694634 0.000000 145.000000 -14.694634 0.000000
1.000000 150.000000 -14.694634 0.000000 145.000000 -14.694634 0.000000
1.000000 150.000000 -14.694634 0.000000 145.000000 -14.694634 0.000000
1.000000 150.000000 -14.694634 0.000000 145.000000 -14.694634 0.000000
1.000000 150.000000 -14.694634 0.000000 145.000000 -14.694634 0.000000
1.000000 150.000000 -14.694634 0.000000 145.000000 -14.694634 0.000000
1.000000 150.000000 -14.694634 0.000000 145.000000 -14.694634 0.000000
1.000000 150.000000 -14.694634 0.000000 145.000000 -14.694634 0.000000
1.000000 150.000000 -14.694634 0.000000 145.000000 -14.694634 0.000000
1.000000 150.000000 -14.694634 0.000000 145.000000 -14.694634 0.000000
1.000000 150.000000 -14.694634 0.000000 145.000000 -14.694634 0.000000
1.000000 150.000000 -14.694634 0.000000 145.000000 -14.694634 0.000000
1.000000 150.000000 -14.694634 0.000000 145.000000 -14.694634 0.000000
1.000000 150.000000 -14.694634 0.000000 145.000000 -14.694634 0.000000
1.000000 150.000000 -14.694634 0.000000 145.000000 -14.694634 0.000000
1.000000 150.000000 -14.694634 0.000000 145.000000 -14.694634 0.000000
1.000000 150.000000 -14.694634 0.000000 145.000000 -14.694634 0.000000
1.000000 150.000000 -14.694634 0.000000 145.000000 -14.694634 0.000000
1.000000 150.000000 -14.694634 0.000000 145.000000 -14.694634 0.000000
1.000000 150.000000 -14.694634 0.000000 145.000000 -14.694634 0.000000
1.000000 150.000000 -14.694634 0.000000 145.000000 -14.694634 0.000000
1.000000 150.000000 -14.694634 0.000000 145.000000 -14.694634 0.000000
1.000000 150.000000 -14.694634 0.000000 145.000000 -14.694634 0.000000
1.000000 150.000000 -14.694634 0.000000 145.000000 -14.694634 0.000000
1.000000 150.000000 -14.694634 0.000000 145.000000 -14.694634 0.000000
1.000000 150.000000 -14.694634 0.000000 145.000000 -14.694634 0.000000
1.000000 150.000000 -14.694634 0.000000 145.000000 -14.694634 0.000000
1.000000 150.000000 -14.694634 0.000000 145.000000 -14.694634 0.000000
1.000000 150.000000 -14.694634 0.000000 145.000000 -14.694634 0.000000
1.000000 150.000000 -14.694634 0.000000 145.000000 -14.694634 0.000000
1.000000 150.000000 -14.694634 0.000000 145.000000 -14.694634 0.000000
1.000000 150.000000 -14.694634 0.000000 145.000000 -14.694634 0.000000
1.000000 150.000000 -14.694634 0.000000 145.000000 -14.694634 0.000000
1.000000 150.000000 -14.694634 0.000000 145.000000 -14.694634 0.000000
1.000000 150.000000 -14.694634 0.000000 145.000000 -14.694634 0.000000
1.000000 150.000000 -14.694634 0.000000 145.000000 -14.694634 0.000000
1.000000 150.000000 -14.694634 0.000000 145.000000 -14.694634 0.000000
1.000000 150.000000 -14.694634 0.000000 145.000000 -14.694634 0.000000
1.000000 150.000000 -14.694634 0.000000 145.000000 -14.694634 0.000000
1.000000 150.000000 -14.694634 0.000000 145.000000 -14.694634 0.000000
1.000000 150.000000 -14.694634 0.000000 145.000000 -14.694634 0.000000
1.000000 150.000000 -14.694634 0.000000 145.000000 -14.694634 0.000000
1.000000 150.000000 -14.694634 0.000000 145.000000 -14.694634 0.000000
1.000000 150.000000 -14.694634 0.000000 145.000000 -14.694634 0.000000
1.000000 150.000000 -14.694634 0.000000 145.000000 -14.694634 0.000000
1.000000 150.000000 -14.694634 0.000000 145.000000 -14.694634 0.000000
1.000000 150.000000 -14.694634 0.000000 145.000000 -14.694634 0.000000
1.000000 150.000000 -14.694634 0.000000 145.000000 -14.694634 0.000000
1.000000 150.000000 -14.694634 0.000000 145.000000 -14.694634 0.000000
1.000000 150.000000 -14.694634 0.000000 145.000000 -14.694634 0.000000
1.000000 150.000000 -14.694634 0.000000 145.000000 -14.694634 0.000000
1.000000 150.000000 -14.694634 0.000000 145.000000 -14.694634 0.000000
1.000000 150.000000 -14.694634 0.000000 145.000000 -14.694634 0.000000
1.000000 150.000000 -14.694634 0.000000 145.000000 -14.694634 0.000000
1.000000 150.000000 -14.694634 0.000000 145.000000 -14.694634 0.000000
1.000000 150.000000 -14.694634 0.000000 145.000000 -14.694634 0.000000
1.000000 150.000000 -14.694634 0.000000 145.000000 -14.694634 0.000000
1.000000 150.000000 -14.694634 0.000000 145.000000 -14.694634 0.000000
1.000000 150.000000 -14.694634 0.000000 145.000000 -14.694634 0.000000
1.000000 150.000000 -14.694634 0.000000 145.000000 -14.694634 0.000000
1.000000 150.000000 -14.694634 0.000000 145.000000 -14.694634 0.000000
1.000000 150.000000 -14.694634 0.000000 145.000000 -14.694634 0.000000
1.000000 150.000000 -14.694634 0.000000 145.000000 -14.694634 0.000000
1.000000 150.000000 -14.694634 0.000000 145.000000 -14.694634 0.000000
1.000000 150.000000 -14.694634 0.000000 145.000000 -14.694634 0.000000
1.000000 150.000000 -14.694634 0.000000 145.000000 -14.694634 0.000000
1.000000 150.000000 -14.694634 0.000000 145.000000 -14.694634 0.000000
1.000000 150.000000 -14.694634 0.000000 145.000000 -14.694634 0.000000
1.000000 150.000000 -14.694634 0.000000 145.000000 -14.694634 0.000000
1.000000 150.000000 -14.694634 0.000000 145.000000 -14.694634 0.000000
1.000000 150.000000 -14.694634 0.000000 145.000000 -14.694634 0.000000
1.000000 150.000000 -14.694634 0.000000 145.000000 -14.694634 0.000000
1.000000 150.000000 -14.694634 0.000000 145.000000 -14.694634 0.000000
1.000000 150.000000 -14.694634 0.000000 145.000000 -14.694634 0.000000
1.000000 150.000000 -14.694634 0.000000 145.000000 -14.694634 0.000000
1.000000 150.000000 -14.694634 0.000000 145.000000 -14.694634 0.000000
1.000000 150.000000 -14.694634 0.000000 145.000000 -14.694634 0.000000
1.000000 150.000000 -14.694634 0.000000 145.000000 -14.694634 0.000000
1.000000 150.000000 -14.694634 0.000000 145.000000 -14.694634 0.000000
1.000000 150.000000 -14.694634 0.000000 145.000000 -14.694634 0.000000
1.000000 150.000000 -14.694634 0.000000 145.000000 -14.694634 0.000000
1.000000 150.000000 -14.694634 0.000000 145.000000 -14.694634 0.000000
1.000000 150.000000 -14.694634 0.000000 145.000000 -14.694634 0.000000
1.000000 150.000000 -14.694634 0.000000 145.000000 -14.694634 0.000000
1.000000 150.000000 -14.694634 0.000000 145.000000 -14.694634 0.000000
1.000000 150.000000 -14.694634 0.000000 145.000000 -14.694634 0.000000
1.000000 150.000000 -14.694634 0.000000 145.000000 -14.694634 0.000000
1.000000 150.000000 -14.694634 0.000000 145.000000 -14.694634 0.000000
1.000000 150.000000 -14.694634 0.000000 145.000000 -14.694634 0.000000
1.000000 150.000000 -14.694634 0.000000 145.000000 -14.694634 0.000000
1.000000 150.000000 -14.694634 0.000000 145.000000 -14.694634 0.000000
1.000000 150.000000 -14.694634 0.000000 145.000000 -14.694634 0.000000
1.000000 150.000000 -14.694634 0.000000 145.000000 -14.694634 0.000000
1.000000 150.000000 -14.694634 0.000000 145.000000 -14.694634 0.000000
1.000000 150.000000 -14.694634 0.000000 145.000000 -14.694634 0.000000
1.000000 150.000000 -14.694634 0.000000 145.000000 -14.694634 0.000000
1.000000 150.000000 -14.694634 0.000000 145.000000 -14.694634 0.000000
1.000000 150.000000 -14.694634 0.000000 145.000000 -14.694634 0.000000
1.000000 150.000000 -14.694634 0.000000 145.000000 -14.694634 0.000000
1.000000 150.000000 -14.694634 0.000000 145.000000 -14.694634 0.000000
1.000000 150.000000 -14.694634 0.000000 145.000000 -14.694634 0.000000
1.000000 150.000000 -14.694634 0.000000 145.000000 -14.694634 0.000000
1.000000 150.000000 -14.694634 0.000000 145.000000 -14.694634 0.000000
1.000000 150.000000 -14.694634 0.000000 145.000000 -14.694634 0.000000
1.000000 150.000000 -14.694634 0.000000 145.000000 -14.694634 0.000000
1.000000 150.000000 -14.694634 0.000000 145.000000 -14.694634 0.000000
1.000000 150.000000 -14.694634 0.000000 145.000000 -14.694634 0.000000
1.000000 150.000000 -14.694634 0.000000 145.000000 -14.694634 0.000000
1.000000 150.000000 -14.694634 0.000000 145.000000 -14.694634 0.000000
1.000000 150.000000 -14.694634 0.000000 145.000000 -14.694634 0.000000
1.000000 150.000000 -14.694634 0.000000 145.000000 -14.694634 0.000000
1.000000 150.000000 -14.694634 0.000000 145.000000 -14.694634 0.000000
1.000000 150.000000 -14.694634 0.000000 145.000000 -14.694634 0.000000
1.000000 150.000000 -14.694634 0.000000 145.000000 -14.694634 0.000000
1.000000 150.000000 -14.694634 0.000000 145.000000 -14.694634 0.000000
1.000000 150.000000 -14.694634 0.000000 145.000000 -14.694634 0.000000
1.000000 150.000000 -14.694634 0.000000 145.000000 -14.694634 0.000000
1.000000 150.000000 -14.694634 0.000000 145.000000 -14.694634 0.000000
1.000000 150.000000 -14.694634 0.000000 145.000000 -14.694634 0.000000
1.000000 150.000000 -14.694634 0.000000 145.000000 -14.694634 0.000000
1.000000 150.000000 -14.694634 0.000000 145.000000 -14.694634 0.000000
1.000000 150.000000 -14.694634 0.000000 145.000000 -14.694634 0.000000
1.000000 150.000000 -14.694634 0.000000 145.000000 -14.694634 0.000000
1.000000 150.000000 -14.694634 0.000000 145.000000 -14.694634 0.000000
1.000000 150.000000 -14.694634 0.000000 145.000000 -14.694634 0.000000
1.000000 150.000000 -14.694634 0.000000 145.000000 -14.694634 0.000000
1.000000 150.000000 -14.694634 0.000000 145.000000 -14.694634 0.000000
1.000000 150.000000 -14.694634 0.000000 145.000000 -14.694634 0.000000
1.000000 150.000000 -14.694634 0.000000 145.000000 -14.694634 0.000000
1.000000 150.000000 -14.694634 0.000000 145.000000 -14.694634 0.000000
1.000000 150.000000 -14.694634 0.000000 145.000000 -14.694634 0.000000
1.000000 150.000000 -14.694634 0.000000 145.000000 -14.694634 0.000000
1.000000 150.000000 -14.694634 0.000000 145.000000 -14.694634 0.000000
1.000000 150.000000 -14.694634 0.000000 145.000000 -14.694634 0.000000
1.000000 150.000000 -14.694634 0.000000 145.000000 -14.694634 0.000000
1.000000 150.000000 -14.694634 0.000000 145.000000 -14.694634 0.000000
1.000000 150.000000 -14.694634 0.000000 145.000000 -14.694634 0.000000
1.000000 150.000000 -14.694634 0.000000 145.000000 -14.694634 0.000000
1.000000 150.000000 -14.694634 0.000000 145.000000 -14.694634 0.000000
1.000000 150.000000 -14.694634 0.000000 145.000000 -14.694634 0.000000
1.000000 150.000000 -14.694634 0.000000 145.000000 -14.694634 0.000000
1.000000 150.000000 -14.694634 0.000000 145.000000 -14.694634 0.000000
1.000000 150.000000 -14.694634 0.000000 145.000000 -14.694634 0.000000
1.000000 150.000000 -14.694634 0.000000 145.000000 -14.694634 0.000000
1.000000 150.000000 -14.694634 0.000000 145.000000 -14.694634 0.000000
1.000000 150.000000 -14.694634 0.000000 145.000000 -14.694634 0.000000
1.000000 150.000000 -14.694634 0.000000 145.000000 -14.694634 0.000000
1.000000 150.000000 -14.694634 0.000000 145.000000 -14.694634 0.000000
1.000000 150.000000 -14.694634 0.000000 145.000000 -14.694634 0.000000
1.000000 150.000000 -14.694634 0.000000 145.000000 -14.694634 0.000000
1.000000 150.000000 -14.694634 0.000000 145.000000 -14.694634 0.000000
1.000000 150.000000 -14.694634 0.000000 145.000000 -14.694634 0.000000
1.000000 150.000000 -14.694634 0.000000 145.000000 -14.694634 0.000000
1.000000 150.000000 -14.694634 0.000000 145.000000 -14.694634 0.000000
1.000000 150.000000 -14.694634 0.000000 145.000000 -14.694634 0.000000
1.000000 150.000000 -14.694634 0.000000 145.000000 -14.694634 0.000000
1.000000 150.000000 -14.694634 0.000000 145.000000 -14.694634 0.000000
1.000000 150.000000 -14.694634 0.000000 145.000000 -14.694634 0.000000
1.000000 150.000000 -14.694634 0.000000 145.000000 -14.694634 0.000000
1.000000 150.000000 -14.694634 0.000000 145.000000 -14.694634 0.000000
1.000000 150.000000 -14.694634 0.000000 145.000000 -14.694634 0.000000
1.000000 150.000000 -14.694634 0.000000 145.000000 -14.694634 0.000000
1.000000 150.000000 -14.694634 0.000000 145.000000 -14.694634 0.000000
1.000000 150.000000 -14.694634 0.000000 145.000000 -14.694634 0.000000
1.000000 150.000000 -14.694634 0.000000 145.000000 -14.694634 0.000000
1.000000 150.000000 -14.694634 0.000000 145.000000 -14.694634 0.000000
1.000000 150.000000 -14.694634 0.000000 145.000000 -14.694634 0.000000
1.000000 150.000000 -14.694634 0.000000 145.000000 -14.694634 0.000000
1.000000 150.000000 -14.694634 0.000000 145.000000 -14.694634 0.000000
1.000000 150.000000 -14.694634 0.000000 145.000000 -14.694634 0.000000
1.000000 150.000000 -14.694634 0.000000 145.000000 -14.694634 0.000000
1.000000 150.000000 -14.694634 0.000000 145.000000 -14.694634 0.000000
1.000000 150.000000 -14.694634 0.000000 145.000000 -14.694634 0.000000
1.000000 150.000000 -14.694634 0.000000 145.000000 -14.694634 0.000000
1.000000 150.000000 -14.694634 0.000000 145.000000 -14.694634 0.000000
1.000000 150.000000 -14.694634 0.000000 145.000000 -14.694634 0.000000
1.000000 150.000000 -14.694634 0.000000 145.000000 -14.694634 0.000000
1.000000 150.000000 -14.694634 0.000000 145.000000 -14.694634 0.000000
1.000000 150.000000 -14.694634 0.000000 145.000000 -14.694634 0.000000
1.000000 150.000000 -14.694634 0.000000 145.000000 -14.694634 0.000000
1.000000 150.000000 -14.694634 0.000000 145.000000 -14.694634 0.000000
1.000000 150.000000 -14.694634 0.000000 145.000000 -14.694634 0.000000
1.000000 150.000000 -14.694634 0.000000 145.000000 -14.694634 0.000000
1.000000 150.000000 -14.694634 0.000000 145.000000 -14.694634 0.000000
1.000000 150.000000 -14.694634 0.000000 145.000000 -14.694634 0.000000
1.000000 150.000000 -14.694634 0.000000 145.000000 -14.694634 0.000000
1.000000 150.000000 -14.694634 0.000000 145.000000 -14.694634 0.000000
1.000000 150.000000 -14.694634 0.000000 145.000000 -14.694634 0.000000
1.000000 150.000000 -14.694634 0.000000 145.000000 -14.694634 0.000000
1.000000 150.000000 -14.694634 0.000000 145.000000 -14.694634 0.000000
1.000000 150.000000 -14.694634 0.000000 145.000000 -14.694634 0.000000
1.000000 150.000000 -14.694634 0.000000 145.000000 -14.694634 0.000000
1.000000 150.000000 -14.694634 0.000000 145.000000 -14.694634 0.000000
1.000000 150.000000 -14.694634 0.000000 145.000000 -14.694634 0.000000
1.000000 150.000000 -14.694634 0.000000 145.000000 -14.694634 0.000000
1.000000 150.000000 -14.694634 0.000000 145.000000 -14.694634 0.000000
1.000000 150.000000 -14.694634 0.000000 145.000000 -14.694634 0.000000
1.000000 150.000000 -14.694634 0.000000 145.000000 -14.694634 0.000000
1.000000 150.000000 -14.694634 0.000000 145.000000 -14.694634 0.000000
1.000000 150.000000 -14.694634 0.000000 145.000000 -14.694634 0.000000
1.000000 150.000000 -14.694634 0.000000 145.000000 -14.694634 0.000000
1.000000 150.000000 -14.694634 0.000000 145.000000 -14.694634 0.000000
1.000000 150.000000 -14.694634 0.000000 145.000000 -14.694634 0.000000
1.000000 150.000000 -14.694634 0.000000 145.000000 -14.694634 0.000000
1.000000 150.000000 -14.694634 0.000000 145.000000 -14.694634 0.000000
1.000000 150.000000 -14.694634 0.000000 145.000000 -14.694634 0.000000
1.000000 150.000000 -14.694634 0.000000 145.000000 -14.694634 0.000000
1.000000 150.000000 -14.694634 0.000000 145.000000 -14.694634 0.000000
1.000000 150.000000 -14.694634 0.000000 145.000000 -14.694634 0.000000
1.000000 150.000000 -14.694634 0.000000 145.000000 -14.694634 0.000000
1.000000 150.000000 -14.694634 0.000000 145.000000 -14.694634 0.000000
1.000000 150.000000 -14.694634 0.000000 145.000000 -14.694634 0.000000
1.000000 150.000000 -14.694634 0.000000 145.000000 -14.694634 0.000000
1.000000 150.000000 -14.694634 0.000000 145.000000 -14.694634 0.000000
1.000000 150.000000 -14.694634 0.000000 145.000000 -14.694634 0.000000
1.000000 150.000000 -14.694634 0.000000 145.000000 -14.694634 0.000000
1.000000 150.000000 -14.694634 0.000000 145.000000 -14.694634 0.000000
1.000000 150.000000 -14.694634 0.000000 145.000000 -14.694634 0.000000
1.000000 150.000000 -14.694634 0.000000 145.000000 -14.694634 0.000000
1.000000 150.000000 -14.694634 0.000000 145.000000 -14.694634 0.000000
1.000000 150.000000 -14.694634 0.000000 145.000000 -14.694634 0.000000
1.000000 150.000000 -14.694634 0.000000 145.000000 -14.694634 0.000000
1.000000 150.000000 -14.694634 0.000000 145.000000 -14.694634 0.000000
1.000000 150.000000 -14.694634 0.000000 145.000000 -14.694634 0.000000
1.000000 150.000000 -14.694634 0.000000 145.000000 -14.694634 0.000000
1.000000 150.000000 -14.694634 0.000000 145.000000 -14.694634 0.000000
1.000000 150.000000 -14.694634 0.000000 145.000000 -14.694634 0.000000
1.000000 150.000000 -14.694634 0.000000 145.000000 -14.694634 0.000000
1.000000 150.000000 -14.694634 0.000000 145.000000 -14.694634 0.000000
1.000000 150.000000 -14.694634 0.000000 145.000000 -14.694634 0.000000
1.000000 150.000000 -14.694634 0.000000 145.000000 -14.694634 0.000000
1.000000 150.000000 -14.694634 0.000000 145.000000 -14.694634 0.000000
1.000000 150.000000 -14.694634 0.000000 145.000000 -14.694634 0.000000
1.000000 150.000000 -14.694634 0.000000 145.000000 -14.694634 0.000000
1.000000 150.000000 -14.694634 0.000000 145.000000 -14.694634 0.000000
1.000000 150.000000 -14.694634 0.000000 145.000000 -14.694634 0.000000
1.000000 150.000000 -14.694634 0.000000 145.000000 -14.694634 0.000000
1.000000 150.000000 -14.694634 0.000000 145.000000 -14.694634 0.000000
1.000000 150.000000 -14.694634 0.000000 145.000000 -14.694634 0.000000
1.000000 150.000000 -14.694634 0.000000 145.000000 -14.694634 0.000000
1.000000 150.000000 -14.694634 0.000000 145.000000 -14.694634 0.000000
1.000000 150.000000 -14.694634 0.000000 145.000000 -14.694634 0.000000
1.000000 150.000000 -14.694634 0.000000 145.000000 -14.694634 0.000000
1.000000 150.000000 -14.694634 0.000000 145.000000 -14.694634 0.000000
1.000000 150.000000 -14.694634 0.000000 145.000000 -14.694634 0.000000
1.000000 150.000000 -14.694634 0.000000 145.000000 -14.694634 0.000000
1.000000 150.000000 -14.694634 0.000000 145.000000 -14.694634 0.000000
1.000000 150.000000 -14.694634 0.000000 145.000000 -14.694634 0.000000
1.000000 150.000000 -14.694634 0.000000 145.000000 -14.694634 0.000000
1.000000 150.000000 -14.694634 0.000000 145.000000 -14.694634 0.000000
1.000000 150.000000 -14.694634 0.000000 145.000000 -14.694634 0.000000
1.000000 150.000000 -14.694634 0.000000 145.000000 -14.694634 0.000000
1.000000 150.000000 -14.694634 0.000000 145.000000 -14.694634 0.000000
1.000000 150.000000 -14.694634 0.000000 145.000000 -14.694634 0.000000
1.000000 150.000000 -14.694634 0.000000 145.000000 -14.694634 0.000000
1.000000 150.000000 -14.694634 0.000000 145.000000 -14.694634 0.000000
1.000000 150.000000 -14.694634 0.000000 145.000000 -14.694634 0.000000
1.000000 150.000000 -14.694634 0.000000 145.000000 -14.694634 0.000000
1.000000 150.000000 -14.694634 0.000000 145.000000 -14.694634 0.000000
1.000000 150.000000 -14.694634 0.000000 145.000000 -14.694634 0.000000
1.000000 150.000000 -14.694634 0.000000 145.000000 -14.694634 0.000000
1.000000 150.000000 -14.694634 0.000000 145.000000 -14.694634 0.000000
1.000000 150.000000 -14.694634 0.000000 145.000000 -14.694634 0.000000
1.000000 150.000000 -14.694634 0.000000 145.000000 -14.694634 0.000000
1.000000 150.000000 -14.694634 0.000000 145.000000 -14.694634 0.000000
1.000000 150.000000 -14.694634 0.000000 145.000000 -14.694634 0.000000
1.000000 150.000000 -14.694634 0.000000 145.000000 -14.694634 0.000000
1.000000 150.000000 -14.694634 0.000000 145.000000 -14.694634 0.000000
1.000000 150.000000 -14.694634 0.000000 145.000000 -14.694634 0.000000
1.000000 150.000000 -14.694634 0.000000 145.000000 -14.694634 0.000000
1.000000 150.000000 -14.694634 0.000000 145.000000 -14.694634 0.000000
1.000000 150.000000 -14.694634 0.000000 145.000000 -14.694634 0.000000
1.000000 150.000000 -14.694634 0.000000 145.000000 -14.694634 0.000000
1.000000 150.000000 -14.694634 0.000000 145.000000 -14.694634 0.000000
1.000000 150.000000 -14.694634 0.000000 145.000000 -14.694634 0.000000
1.000000 150.000000 -14.694634 0.000000 145.000000 -14.694634 0.000000
1.000000 150.000000 -14.694634 0.000000 145.000000 -14.694634 0.000000
1.000000 150.000000 -14.694634 0.000000 145.000000 -14.694634 0.000000
1.000000 150.000000 -14.694634 0.000000 145.000000 -14.694634 0.000000
1.000000 150.000000 -14.694634 0.000000 145.000000 -14.694634 0.000000
1.000000 150.000000 -14.694634 0.000000 145.000000 -14.694634 0.000000
1.000000 150.000000 -14.694634 0.000000 145.000000 -14.694634 0.000000
1.000000 150.000000 -14.694634 0.000000 145.000000 -14.694634 0.000000
1.000000 150.000000 -14.694634 0.000000 145.000000 -14.694634 0.000000
1.000000 150.000000 -14.694634 0.000000 145.000000 -14.694634 0.000000
1.000000 150.000000 -14.694634 0.000000 145.000000 -14.694634 0.000000
1.000000 150.000000 -14.694634 0.000000 145.000000 -14.694634 0.000000
1.000000 150.000000 -14.694634 0.000000 145.000000 -14.694634 0.000000
1.000000 150.000000 -14.694634 0.000000 145.000000 -14.694634 0.000000
1.000000 150.000000 -14.694634 0.000000 145.000000 -14.694634 0.000000
1.000000 150.000000 -14.694634 0.000000 145.000000 -14.694634 0.000000
1.000000 150.000000 -14.694634 0.000000 145.000000 -14.694634 0.000000
1.000000 150.000000 -14.694634 0.000000 145.000000 -14.694634 0.000000
1.000000 150.000000 -14.694634 0.000000 145.000000 -14.694634 0.000000
1.000000 150.000000 -14.694634 0.000000 145.000000 -14.694634 0.000000
1.000000 150.000000 -14.694634 0.000000 145.000000 -14.694634 0.000000
1.000000 150.000000 -14.694634 0.000000 145.000000 -14.694634 0.000000
1.000000 150.000000 -14.694634 0.000000 145.000000 -14.694634 0.000000
1.000000 150.000000 -14.694634 0.000000 145.000000 -14.694634 0.000000
1.000000 150.000000 -14.694634 0.000000 145.000000 -14.694634 0.000000
1.000000 150.000000 -14.694634 0.000000 145.000000 -14.694634 0.000000
1.000000 150.000000 -14.694634 0.000000 145.000000 -14.694634 0.000000
1.000000 150.000000 -14.694634 0.000000 145.000000 -14.694634 0.000000
1.000000 150.000000 -14.694634 0.000000 145.000000 -14.694634 0.000000
1.000000 150.000000 -14.694634 0.000000 145.000000 -14.694634 0.000000
1.000000 150.000000 -14.694634 0.000000 145.000000 -14.694634 0.000000
1.000000 150.000000 -14.694634 0.000000 145.000000 -14.694634 0.000000
1.000000 150.000000 -14.694634 0.000000 145.000000 -14.694634 0.000000
1.000000 150.000000 -14.694634 0.000000 145.000000 -14.694634 0.000000
1.000000 150.000000 -14.694634 0.000000 145.000000 -14.694634 0.000000
1.000000 150.000000 -14.694634 0.000000 145.000000 -14.694634 0.000000
1.000000 150.000000 -14.694634 0.000000 145.000000 -14.694634 0.000000
1.000000 150.000000 -14.694634 0.000000 145.000000 -14.694634 0.000000
1.000000 150.000000 -14.694634 0.000000 145.000000 -14.694634 0.000000
1.000000 150.000000 -14.694634 0.000000 145.000000 -14.694634 0.000000
1.000000 150.000000 -14.694634 0.000000 145.000000 -14.694634 0.000000
1.000000 150.000000 -14.694634 0.000000 145.000000 -14.694634 0.000000
1.000000 150.000000 -14.694634 0.000000 145.000000 -14.694634 0.000000
1.000000 150.000000 -14.694634 0.000000 145.000000 -14.694634 0.000000
1.000000 150.000000 -14.694634 0.000000 145.000000 -14.694634 0.000000
1.000000 150.000000 -14.694634 0.000000 145.000000 -14.694634 0.000000
1.000000 150.000000 -14.694634 0.000000 145.000000 -14.694634 0.000000
1.000000 150.000000 -14.694634 0.000000 145.000000 -14.694634 0.000000
1.000000 150.000000 -14.694634 0.000000 145.000000 -14.694634 0.000000
1.000000 150.000000 -14.694634 0.000000 145.000000 -14.694634 0.000000
1.000000 150.000000 -14.694634 0.000000 145.000000 -14.694634 0.000000
1.000000 150.000000 -14.694634 0.000000 145.000000 -14.694634 0.000000
1.000000 150.000000 -14.694634 0.000000 145.000000 -14.694634 0.000000
1.000000 150.000000 -14.694634 0.000000 145.000000 -14.694634 0.000000
1.000000 150.000000 -14.694634 0.000000 145.000000 -14.694634 0.000000
1.000000 150.000000 -14.694634 0.000000 145.000000 -14.694634 0.000000
1.000000 150.000000 -14.694634 0.000000 145.000000 -14.694634 0.000000
1.000000 150.000000 -14.694634 0.000000 145.000000 -14.694634 0.000000
1.000000 150.000000 -14.694634 0.000000 145.000000 -14.694634 0.000000
1.000000 150.000000 -14.694634 0.000000 145.000000 -14.694634 0.000000
1.000000 150.000000 -14.694634 0.000000 145.000000 -14.694634 0.000000
1.000000 150.000000 -14.694634 0.000000 145.000000 -14.694634 0.000000
1.000000 150.000000 -14.694634 0.000000 145.000000 -14.694634 0.000000
1.000000 150.000000 -14.694634 0.000000 145.000000 -14.694634 0.000000
1.000000 150.000000 -14.694634 0.000000 145.000000 -14.694634 0.000000
1.000000 150.000000 -14.694634 0.000000 145.000000 -14.694634 0.000000
1.000000 150.000000 -14.694634 0.000000 145.000000 -14.694634 0.000000
1.000000 150.000000 -14.694634 0.000000 145.000000 -14.694634 0.000000
1.000000 150.000000 -14.694634 0.000000 145.000000 -14.694634 0.000000
1.000000 150.000000 -14.694634 0.000000 145.000000 -14.694634 0.000000
1.000000 150.000000 -14.694634 0.000000 145.000000 -14.694634 0.000000
1.000000 150.000000 -14.694634 0.000000 145.000000 -14.694634 0.000000
1.000000 150.000000 -14.694634 0.000000 145.000000 -14.694634 0.000000
1.000000 150.000000 -14.694634 0.000000 145.000000 -14.694634 0.000000
1.000000 150.000000 -14.694634 0.000000 145.000000 -14.694634 0.000000
1.000000 150.000000 -14.694634 0.000000 145.000000 -14.694634 0.000000
1.000000 150.000000 -14.694634 0.000000 145.000000 -14.694634 0.000000
1.000000 150.000000 -14.694634 0.000000 145.000000 -14.694634 0.000000
1.000000 150.000000 -14.694634 0.000000 145.000000 -14.694634 0.000000
1.000000 150.000000 -14.694634 0.000000 145.000000 -14.694634 0.000000
1.000000 150.000000 -14.694634 0.000000 145.000000 -14.694634 0.000000
1.000000 150.000000 -14.694634 0.000000 145.000000 -14.694634 0.000000
1.000000 150.000000 -14.694634 0.000000 145.000000 -14.694634 0.000000
1.000000 150.000000 -14.694634 0.000000 145.000000 -14.694634 0.000000
1.000000 150.000000 -14.694634 0.000000 145.000000 -14.694634 0.000000
1.000000 150.000000 -14.694634 0.000000 145.000000 -14.694634 0.000000
1.000000 150.000000 -14.694634 0.000000 145.000000 -14.694634 0.000000
1.000000 150.000000 -14.694634 0.000000 145.000000 -14.694634 0.000000
1.000000 150.000000 -14.694634 0.000000 145.000000 -14.694634 0.000000
1.000000 150.000000 -14.694634 0.000000 145.000000 -14.694634 0.000000
1.000000 150.000000 -14.694634 0.000000 145.000000 -14.694634 0.000000
1.000000 150.000000 -14.694634 0.000000 145.000000 -14.694634 0.000000
1.000000 150.000000 -14.694634 0.000000 145.000000 -14.694634 0.000000
1.000000 150.000000 -14.694634 0.000000 145.000000 -14.694634 0.000000
1.000000 150.000000 -14.694634 0.000000 145.000000 -14.694634 0.000000
1.000000 150.000000 -14.694634 0.000000 145.000000 -14.694634 0.000000
1.000000 150.000000 -14.694634 0.000000 145.000000 -14.694634 0.000000
1.000000 150.000000 -14.694634 0.000000 145.000000 -14.694634 0.000000
1.000000 150.000000 -14.694634 0.000000 145.000000 -14.694634 0.000000
1.000000 150.000000 -14.694634 0.000000 145.000000 -14.694634 0.000000
1.000000 150.000000 -14.694634 0.000000 145.000000 -14.694634 0.000000
1.000000 150.000000 -14.694634 0.000000 145.000000 -14.694634 0.000000
1.000000 150.000000 -14.694634 0.000000 145.000000 -14.694634 0.000000
1.000000 150.000000 -14.694634 0.000000 145.000000 -14.694634 0.000000
1.000000 150.000000 -14.694634 0.000000 145.000000 -14.694634 0.000000
1.000000 150.000000 -14.694634 0.000000 145.000000 -14.694634 0.000000
1.000000 150.000000 -14.694634 0.000000 145.000000 -14.694634 0.000000
1.000000 150.000000 -14.694634 0.000000 145.000000 -14.694634 0.000000
1.000000 150.000000 -14.694634 0.000000 145.000000 -14.694634 0.000000
1.000000 150.000000 -14.694634 0.000000 145.000000 -14.694634 0.000000
1.000000 150.000000 -14.694634 0.000000 145.000000 -14.694634 0.000000
1.000000 150.000000 -14.694634 0.000000 145.000000 -14.694634 0.000000
1.000000 150.000000 -14.694634 0.000000 145.000000 -14.694634 0.000000
1.000000 150.000000 -14.694634 0.000000 145.000000 -14.694634 0.000000
1.000000 150.000000 -14.694634 0.000000 145.000000 -14.694634 0.000000
1.000000 150.000000 -14.694634 0.000000 145.000000 -14.694634 0.000000
1.000000 150.000000 -14.694634 0.000000 145.000000 -14.694634 0.000000
1.000000 150.000000 -14.694634 0.000000 145.000000 -14.694634 0.000000
1.000000 150.000000 -14.694634 0.000000 145.000000 -14.694634 0.000000
1.000000 150.000000 -14.694634 0.000000 145.000000 -14.694634 0.000000
1.000000 150.000000 -14.694634 0.000000 145.000000 -14.694634 0.000000
1.000000 150.000000 -14.694634 0.000000 145.000000 -14.694634 0.000000
1.000000 150.000000 -14.694634 0.000000 145.000000 -14.694634 0.000000
1.000000 150.000000 -14.694634 0.000000 145.000000 -14.694634 0.000000
1.000000 150.000000 -14.694634 0.000000 145.000000 -14.694634 0.000000
1.000000 150.000000 -14.694634 0.000000 145.000000 -14.694634 0.000000
1.000000 150.000000 -14.694634 0.000000 145.000000 -14.694634 0.000000
1.000000 150.000000 -14.694634 0.000000 145.000000 -14.694634 0.000000
1.000000 150.000000 -14.694634 0.000000 145.000000 -14.694634 0.000000
1.000000 150.000000 -14.694634 0.000000 145.000000 -14.694634 0.000000
1.000000 150.000000 -14.694634 0.000000 145.000000 -14.694634 0.000000
1.000000 150.000000 -14.694634 0.000000 145.000000 -14.694634 0.000000
1.000000 150.000000 -14.694634 0.000000 145.000000 -14.694634 0.000000
1.000000 150.000000 -14.694634 0.000000 145.000000 -14.694634 0.000000
1.000000 150.000000 -14.694634 0.000000 145.000000 -14.694634 0.000000
1.000000 150.000000 -14.694634 0.000000 145.000000 -14.694634 0.000000
1.000000 150.000000 -14.694634 0.000000 145.000000 -14.694634 0.000000
1.000000 150.000000 -14.694634 0.000000 145.000000 -14.694634 0.000000
1.000000 150.000000 -14.694634 0.000000 145.000000 -14.694634 0.000000
1.000000 150.000000 -14.694634 0.000000 145.000000 -14.694634 0.000000
1.000000 150.000000 -14.694634 0.000000 145.000000 -14.694634 0.000000
1.000000 150.000000 -14.694634 0.000000 145.000000 -14.694634 0.000000
1.000000 150.000000 -14.694634 0.000000 145.000000 -14.694634 0.000000
1.000000 150.000000 -14.694634 0.000000 145.000000 -14.694634 0.000000
1.000000 150.000000 -14.694634 0.000000 145.000000 -14.694634 0.000000
1.000000 150.000000 -14.694634 0.000000 145.000000 -14.694634 0.000000
1.000000 150.000000 -14.694634 0.000000 145.000000 -14.694634 0.000000
1.000000 150.000000 -14.694634 0.000000 145.000000 -14.694634 0.000000
1.000000 150.000000 -14.694634 0.000000 145.000000 -14.694634 0.000000
1.000000 150.000000 -14.694634 0.000000 145.000000 -14.694634 0.000000
1.000000 150.000000 -14.694634 0.000000 145.000000 -14.694634 0.000000
1.000000 150.000000 -14.694634 0.000000 145.000000 -14.694634 0.000000
1.000000 150.000000 -14.694634 0.000000 145.000000 -14.694634 0.000000
1.000000 150.000000 -14.694634 0.000000 145.000000 -14.694634 0.000000
1.000000 150.000000 -14.694634 0.000000 145.000000 -14.694634 0.000000
1.000000 150.000000 -14.694634 0.000000 145.000000 -14.694634 0.000000
1.000000 150.000000 -14.694634 0.000000 145.000000 -14.694634 0.000000
1.000000 150.000000 -14.694634 0.000000 145.000000 -14.694634 0.000000
1.000000 150.000000 -14.694634 0.000000 145.000000 -14.694634 0.000000
1.000000 150.000000 -14.694634 0.000000 145.000000 -14.694634 0.000000
1.000000 150.000000 -14.694634 0.000000 145.000000 -14.694634 0.000000
1.000000 150.000000 -14.694634 0.000000 145.000000 -14.694634 0.000000
1.000000 150.000000 -14.694634 0.000000 145.000000 -14.694634 0.000000
1.000000 150.000000 -14.694634 0.000000 145.000000 -14.694634 0.000000
1.000000 150.000000 -14.694634 0.000000 145.000000 -14.694634 0.000000
1.000000 150.000000 -14.694634 0.000000 145.000000 -14.694634 0.000000
1.000000 150.000000 -14.694634 0.000000 145.000000 -14.694634 0.000000
1.000000 150.000000 -14.694634 0.000000 145.000000 -14.694634 0.000000
1.000000 150.000000 -14.694634 0.000000 145.000000 -14.694634 0.000000
1.000000 150.000000 -14.694634 0.000000 145.000000 -14.694634 0.000000
1.000000 150.000000 -14.694634 0.000000 145.000000 -14.694634 0.000000
1.000000 150.000000 -14.694634 0.000000 145.000000 -14.694634 0.000000
1.000000 150.000000 -14.694634 0.000000 145.000000 -14.694634 0.000000
1.000000 150.000000 -14.694634 0.000000 145.000000 -14.694634 0.000000
1.000000 150.000000 -14.694634 0.000000 145.000000 -14.694634 0.000000
1.000000 150.000000 -14.694634 0.000000 145.000000 -14.694634 0.000000
1.000000 150.000000 -14.694634 0.000000 145.000000 -14.694634 0.000000
1.000000 150.000000 -14.694634 0.000000 145.000000 -14.694634 0.000000
1.000000 150.000000 -14.694634 0.000000 145.000000 -14.694634 0.000000
1.000000 150.000000 -14.694634 0.000000 145.000000 -14.694634 0.000000
1.000000 150.000000 -14.694634 0.000000 145.000000 -14.694634 0.000000
1.000000 150.000000 -14.694634 0.000000 145.000000 -14.694634 0.000000
1.000000 150.000000 -14.694634 0.000000 145.000000 -14.694634 0.000000
1.000000 150.000000 -14.694634 0.000000 145.000000 -14.694634 0.000000
1.000000 150.000000 -14.694634 0.000000 145.000000 -14.694634 0.000000
1.000000 150.000000 -14.694634 0.000000 145.000000 -14.694634 0.000000
1.000000 150.000000 -14.694634 0.000000 145.000000 -14.694634 0.000000
1.000000 150.000000 -14.694634 0.000000 145.000000 -14.694634 0.000000
1.000000 150.000000 -14.694634 0.000000 145.000000 -14.694634 0.000000
1.000000 150.000000 -14.694634 0.000000 145.000000 -14.694634 0.000000
1.000000 150.000000 -14.694634 0.000000 145.000000 -14.694634 0.000000
1.000000 150.000000 -14.694634 0.000000 145.000000 -14.694634 0.000000
1.000000 150.000000 -14.694634 0.000000 145.000000 -14.694634 0.000000
1.000000 150.000000 -14.694634 0.000000 145.000000 -14.694634 0.000000
